subj,trial,block,sex,age,date,stim,stim_order,segment,segment_time,pitch,response,rt
5,1,1,m,20,23-May-2016,Sub5_Trial1_0,0,0,0,-75.940556,True,3.032
5,1,1,m,20,23-May-2016,Sub5_Trial1_0,0,1,1,-42.268875,True,3.032
5,1,1,m,20,23-May-2016,Sub5_Trial1_0,0,2,2,-75.691095,True,3.032
5,1,1,m,20,23-May-2016,Sub5_Trial1_0,0,3,3,-52.558728,True,3.032
5,1,1,m,20,23-May-2016,Sub5_Trial1_0,0,4,4,14.89904,True,3.032
5,1,1,m,20,23-May-2016,Sub5_Trial1_0,0,5,5,138.321032,True,3.032
5,1,1,m,20,23-May-2016,Sub5_Trial1_0,0,6,6,6.190004,True,3.032
5,1,1,m,20,23-May-2016,Sub5_Trial1_1,1,0,0,-79.742119,False,3.032
5,1,1,m,20,23-May-2016,Sub5_Trial1_1,1,1,1,-22.813364,False,3.032
5,1,1,m,20,23-May-2016,Sub5_Trial1_1,1,2,2,8.136647,False,3.032
5,1,1,m,20,23-May-2016,Sub5_Trial1_1,1,3,3,8.71255,False,3.032
5,1,1,m,20,23-May-2016,Sub5_Trial1_1,1,4,4,-83.370204,False,3.032
5,1,1,m,20,23-May-2016,Sub5_Trial1_1,1,5,5,-59.499148,False,3.032
5,1,1,m,20,23-May-2016,Sub5_Trial1_1,1,6,6,-4.384651,False,3.032
5,2,1,m,20,23-May-2016,Sub5_Trial2_0,0,0,0,91.69191,False,1.573
5,2,1,m,20,23-May-2016,Sub5_Trial2_0,0,1,1,-79.293343,False,1.573
5,2,1,m,20,23-May-2016,Sub5_Trial2_0,0,2,2,37.640343,False,1.573
5,2,1,m,20,23-May-2016,Sub5_Trial2_0,0,3,3,-60.445027,False,1.573
5,2,1,m,20,23-May-2016,Sub5_Trial2_0,0,4,4,-13.802919,False,1.573
5,2,1,m,20,23-May-2016,Sub5_Trial2_0,0,5,5,18.920990000000003,False,1.573
5,2,1,m,20,23-May-2016,Sub5_Trial2_0,0,6,6,50.92550800000001,False,1.573
5,2,1,m,20,23-May-2016,Sub5_Trial2_1,1,0,0,-47.90693400000001,True,1.573
5,2,1,m,20,23-May-2016,Sub5_Trial2_1,1,1,1,-38.578005,True,1.573
5,2,1,m,20,23-May-2016,Sub5_Trial2_1,1,2,2,55.806773,True,1.573
5,2,1,m,20,23-May-2016,Sub5_Trial2_1,1,3,3,-43.473327,True,1.573
5,2,1,m,20,23-May-2016,Sub5_Trial2_1,1,4,4,-21.568801,True,1.573
5,2,1,m,20,23-May-2016,Sub5_Trial2_1,1,5,5,111.841414,True,1.573
5,2,1,m,20,23-May-2016,Sub5_Trial2_1,1,6,6,55.303196,True,1.573
5,3,1,m,20,23-May-2016,Sub5_Trial3_0,0,0,0,-52.269411,True,2.244
5,3,1,m,20,23-May-2016,Sub5_Trial3_0,0,1,1,36.635759,True,2.244
5,3,1,m,20,23-May-2016,Sub5_Trial3_0,0,2,2,-36.002475,True,2.244
5,3,1,m,20,23-May-2016,Sub5_Trial3_0,0,3,3,97.411074,True,2.244
5,3,1,m,20,23-May-2016,Sub5_Trial3_0,0,4,4,-59.026831,True,2.244
5,3,1,m,20,23-May-2016,Sub5_Trial3_0,0,5,5,41.137864,True,2.244
5,3,1,m,20,23-May-2016,Sub5_Trial3_0,0,6,6,27.00052,True,2.244
5,3,1,m,20,23-May-2016,Sub5_Trial3_1,1,0,0,50.118047,False,2.244
5,3,1,m,20,23-May-2016,Sub5_Trial3_1,1,1,1,40.993094,False,2.244
5,3,1,m,20,23-May-2016,Sub5_Trial3_1,1,2,2,153.351359,False,2.244
5,3,1,m,20,23-May-2016,Sub5_Trial3_1,1,3,3,64.735967,False,2.244
5,3,1,m,20,23-May-2016,Sub5_Trial3_1,1,4,4,-84.019539,False,2.244
5,3,1,m,20,23-May-2016,Sub5_Trial3_1,1,5,5,-38.225328,False,2.244
5,3,1,m,20,23-May-2016,Sub5_Trial3_1,1,6,6,-22.200400000000002,False,2.244
5,4,1,m,20,23-May-2016,Sub5_Trial4_0,0,0,0,-101.592008,True,0.667
5,4,1,m,20,23-May-2016,Sub5_Trial4_0,0,1,1,54.31040899999999,True,0.667
5,4,1,m,20,23-May-2016,Sub5_Trial4_0,0,2,2,106.108024,True,0.667
5,4,1,m,20,23-May-2016,Sub5_Trial4_0,0,3,3,-11.010585,True,0.667
5,4,1,m,20,23-May-2016,Sub5_Trial4_0,0,4,4,-3.494975,True,0.667
5,4,1,m,20,23-May-2016,Sub5_Trial4_0,0,5,5,17.46333,True,0.667
5,4,1,m,20,23-May-2016,Sub5_Trial4_0,0,6,6,120.17368399999998,True,0.667
5,4,1,m,20,23-May-2016,Sub5_Trial4_1,1,0,0,1.4031610000000008,False,0.667
5,4,1,m,20,23-May-2016,Sub5_Trial4_1,1,1,1,55.386034,False,0.667
5,4,1,m,20,23-May-2016,Sub5_Trial4_1,1,2,2,-100.460863,False,0.667
5,4,1,m,20,23-May-2016,Sub5_Trial4_1,1,3,3,47.991737,False,0.667
5,4,1,m,20,23-May-2016,Sub5_Trial4_1,1,4,4,10.837911,False,0.667
5,4,1,m,20,23-May-2016,Sub5_Trial4_1,1,5,5,-35.860672,False,0.667
5,4,1,m,20,23-May-2016,Sub5_Trial4_1,1,6,6,9.037049,False,0.667
5,5,1,m,20,23-May-2016,Sub5_Trial5_0,0,0,0,-52.38073,True,1.204
5,5,1,m,20,23-May-2016,Sub5_Trial5_0,0,1,1,-0.4591250000000002,True,1.204
5,5,1,m,20,23-May-2016,Sub5_Trial5_0,0,2,2,20.963733000000005,True,1.204
5,5,1,m,20,23-May-2016,Sub5_Trial5_0,0,3,3,112.55506700000001,True,1.204
5,5,1,m,20,23-May-2016,Sub5_Trial5_0,0,4,4,-61.667985,True,1.204
5,5,1,m,20,23-May-2016,Sub5_Trial5_0,0,5,5,-15.484696,True,1.204
5,5,1,m,20,23-May-2016,Sub5_Trial5_0,0,6,6,59.050034,True,1.204
5,5,1,m,20,23-May-2016,Sub5_Trial5_1,1,0,0,1.4376810000000013,False,1.204
5,5,1,m,20,23-May-2016,Sub5_Trial5_1,1,1,1,-70.092723,False,1.204
5,5,1,m,20,23-May-2016,Sub5_Trial5_1,1,2,2,107.338939,False,1.204
5,5,1,m,20,23-May-2016,Sub5_Trial5_1,1,3,3,109.60935,False,1.204
5,5,1,m,20,23-May-2016,Sub5_Trial5_1,1,4,4,-116.601168,False,1.204
5,5,1,m,20,23-May-2016,Sub5_Trial5_1,1,5,5,-13.842169999999996,False,1.204
5,5,1,m,20,23-May-2016,Sub5_Trial5_1,1,6,6,-131.283073,False,1.204
5,6,1,m,20,23-May-2016,Sub5_Trial6_0,0,0,0,16.358108,False,1.194
5,6,1,m,20,23-May-2016,Sub5_Trial6_0,0,1,1,3.998621,False,1.194
5,6,1,m,20,23-May-2016,Sub5_Trial6_0,0,2,2,73.870425,False,1.194
5,6,1,m,20,23-May-2016,Sub5_Trial6_0,0,3,3,-60.703545,False,1.194
5,6,1,m,20,23-May-2016,Sub5_Trial6_0,0,4,4,60.282054,False,1.194
5,6,1,m,20,23-May-2016,Sub5_Trial6_0,0,5,5,19.776917999999995,False,1.194
5,6,1,m,20,23-May-2016,Sub5_Trial6_0,0,6,6,-46.737577,False,1.194
5,6,1,m,20,23-May-2016,Sub5_Trial6_1,1,0,0,-151.495976,True,1.194
5,6,1,m,20,23-May-2016,Sub5_Trial6_1,1,1,1,-127.847341,True,1.194
5,6,1,m,20,23-May-2016,Sub5_Trial6_1,1,2,2,-5.337166,True,1.194
5,6,1,m,20,23-May-2016,Sub5_Trial6_1,1,3,3,90.556694,True,1.194
5,6,1,m,20,23-May-2016,Sub5_Trial6_1,1,4,4,118.278039,True,1.194
5,6,1,m,20,23-May-2016,Sub5_Trial6_1,1,5,5,7.5405,True,1.194
5,6,1,m,20,23-May-2016,Sub5_Trial6_1,1,6,6,77.469503,True,1.194
5,7,1,m,20,23-May-2016,Sub5_Trial7_0,0,0,0,47.74941,True,0.831
5,7,1,m,20,23-May-2016,Sub5_Trial7_0,0,1,1,23.803797000000003,True,0.831
5,7,1,m,20,23-May-2016,Sub5_Trial7_0,0,2,2,-37.856465,True,0.831
5,7,1,m,20,23-May-2016,Sub5_Trial7_0,0,3,3,-12.452815,True,0.831
5,7,1,m,20,23-May-2016,Sub5_Trial7_0,0,4,4,-55.510844,True,0.831
5,7,1,m,20,23-May-2016,Sub5_Trial7_0,0,5,5,-5.679829,True,0.831
5,7,1,m,20,23-May-2016,Sub5_Trial7_0,0,6,6,-76.662819,True,0.831
5,7,1,m,20,23-May-2016,Sub5_Trial7_1,1,0,0,12.981555,False,0.831
5,7,1,m,20,23-May-2016,Sub5_Trial7_1,1,1,1,13.456498,False,0.831
5,7,1,m,20,23-May-2016,Sub5_Trial7_1,1,2,2,-10.916885,False,0.831
5,7,1,m,20,23-May-2016,Sub5_Trial7_1,1,3,3,-65.74675,False,0.831
5,7,1,m,20,23-May-2016,Sub5_Trial7_1,1,4,4,88.117517,False,0.831
5,7,1,m,20,23-May-2016,Sub5_Trial7_1,1,5,5,-75.922579,False,0.831
5,7,1,m,20,23-May-2016,Sub5_Trial7_1,1,6,6,-112.49497500000001,False,0.831
5,8,1,m,20,23-May-2016,Sub5_Trial8_0,0,0,0,-25.962317,False,1.009
5,8,1,m,20,23-May-2016,Sub5_Trial8_0,0,1,1,17.526186,False,1.009
5,8,1,m,20,23-May-2016,Sub5_Trial8_0,0,2,2,-103.318186,False,1.009
5,8,1,m,20,23-May-2016,Sub5_Trial8_0,0,3,3,-90.656475,False,1.009
5,8,1,m,20,23-May-2016,Sub5_Trial8_0,0,4,4,52.275333,False,1.009
5,8,1,m,20,23-May-2016,Sub5_Trial8_0,0,5,5,-20.110135999999997,False,1.009
5,8,1,m,20,23-May-2016,Sub5_Trial8_0,0,6,6,-86.877247,False,1.009
5,8,1,m,20,23-May-2016,Sub5_Trial8_1,1,0,0,101.734304,True,1.009
5,8,1,m,20,23-May-2016,Sub5_Trial8_1,1,1,1,-113.169499,True,1.009
5,8,1,m,20,23-May-2016,Sub5_Trial8_1,1,2,2,97.869415,True,1.009
5,8,1,m,20,23-May-2016,Sub5_Trial8_1,1,3,3,3.577978999999999,True,1.009
5,8,1,m,20,23-May-2016,Sub5_Trial8_1,1,4,4,19.485645000000005,True,1.009
5,8,1,m,20,23-May-2016,Sub5_Trial8_1,1,5,5,-3.7342499999999994,True,1.009
5,8,1,m,20,23-May-2016,Sub5_Trial8_1,1,6,6,-9.32468,True,1.009
5,9,1,m,20,23-May-2016,Sub5_Trial9_0,0,0,0,87.402533,True,1.177
5,9,1,m,20,23-May-2016,Sub5_Trial9_0,0,1,1,7.585692000000002,True,1.177
5,9,1,m,20,23-May-2016,Sub5_Trial9_0,0,2,2,-36.55402,True,1.177
5,9,1,m,20,23-May-2016,Sub5_Trial9_0,0,3,3,49.433902,True,1.177
5,9,1,m,20,23-May-2016,Sub5_Trial9_0,0,4,4,-12.661576,True,1.177
5,9,1,m,20,23-May-2016,Sub5_Trial9_0,0,5,5,-44.388699,True,1.177
5,9,1,m,20,23-May-2016,Sub5_Trial9_0,0,6,6,-74.549328,True,1.177
5,9,1,m,20,23-May-2016,Sub5_Trial9_1,1,0,0,73.447661,False,1.177
5,9,1,m,20,23-May-2016,Sub5_Trial9_1,1,1,1,47.735769,False,1.177
5,9,1,m,20,23-May-2016,Sub5_Trial9_1,1,2,2,82.639345,False,1.177
5,9,1,m,20,23-May-2016,Sub5_Trial9_1,1,3,3,84.584511,False,1.177
5,9,1,m,20,23-May-2016,Sub5_Trial9_1,1,4,4,32.282809,False,1.177
5,9,1,m,20,23-May-2016,Sub5_Trial9_1,1,5,5,-36.119916,False,1.177
5,9,1,m,20,23-May-2016,Sub5_Trial9_1,1,6,6,-113.749585,False,1.177
5,10,1,m,20,23-May-2016,Sub5_Trial10_0,0,0,0,121.57432499999999,True,1.229
5,10,1,m,20,23-May-2016,Sub5_Trial10_0,0,1,1,93.595149,True,1.229
5,10,1,m,20,23-May-2016,Sub5_Trial10_0,0,2,2,104.470167,True,1.229
5,10,1,m,20,23-May-2016,Sub5_Trial10_0,0,3,3,-68.070925,True,1.229
5,10,1,m,20,23-May-2016,Sub5_Trial10_0,0,4,4,27.036518,True,1.229
5,10,1,m,20,23-May-2016,Sub5_Trial10_0,0,5,5,-40.158996,True,1.229
5,10,1,m,20,23-May-2016,Sub5_Trial10_0,0,6,6,-64.188934,True,1.229
5,10,1,m,20,23-May-2016,Sub5_Trial10_1,1,0,0,-24.801581999999996,False,1.229
5,10,1,m,20,23-May-2016,Sub5_Trial10_1,1,1,1,-50.597027,False,1.229
5,10,1,m,20,23-May-2016,Sub5_Trial10_1,1,2,2,0.6890500000000017,False,1.229
5,10,1,m,20,23-May-2016,Sub5_Trial10_1,1,3,3,9.598252,False,1.229
5,10,1,m,20,23-May-2016,Sub5_Trial10_1,1,4,4,-141.389272,False,1.229
5,10,1,m,20,23-May-2016,Sub5_Trial10_1,1,5,5,-110.394082,False,1.229
5,10,1,m,20,23-May-2016,Sub5_Trial10_1,1,6,6,93.474034,False,1.229
5,11,1,m,20,23-May-2016,Sub5_Trial11_0,0,0,0,-49.777968,False,1.075
5,11,1,m,20,23-May-2016,Sub5_Trial11_0,0,1,1,78.181636,False,1.075
5,11,1,m,20,23-May-2016,Sub5_Trial11_0,0,2,2,20.07623,False,1.075
5,11,1,m,20,23-May-2016,Sub5_Trial11_0,0,3,3,65.35789,False,1.075
5,11,1,m,20,23-May-2016,Sub5_Trial11_0,0,4,4,93.183343,False,1.075
5,11,1,m,20,23-May-2016,Sub5_Trial11_0,0,5,5,4.116440000000001,False,1.075
5,11,1,m,20,23-May-2016,Sub5_Trial11_0,0,6,6,80.33579,False,1.075
5,11,1,m,20,23-May-2016,Sub5_Trial11_1,1,0,0,39.897147,True,1.075
5,11,1,m,20,23-May-2016,Sub5_Trial11_1,1,1,1,33.400037,True,1.075
5,11,1,m,20,23-May-2016,Sub5_Trial11_1,1,2,2,14.289046999999997,True,1.075
5,11,1,m,20,23-May-2016,Sub5_Trial11_1,1,3,3,-10.932095,True,1.075
5,11,1,m,20,23-May-2016,Sub5_Trial11_1,1,4,4,-65.793845,True,1.075
5,11,1,m,20,23-May-2016,Sub5_Trial11_1,1,5,5,40.091842,True,1.075
5,11,1,m,20,23-May-2016,Sub5_Trial11_1,1,6,6,70.800791,True,1.075
5,12,1,m,20,23-May-2016,Sub5_Trial12_0,0,0,0,-59.64718,True,0.835
5,12,1,m,20,23-May-2016,Sub5_Trial12_0,0,1,1,-122.780619,True,0.835
5,12,1,m,20,23-May-2016,Sub5_Trial12_0,0,2,2,-10.240588,True,0.835
5,12,1,m,20,23-May-2016,Sub5_Trial12_0,0,3,3,125.795166,True,0.835
5,12,1,m,20,23-May-2016,Sub5_Trial12_0,0,4,4,-82.229581,True,0.835
5,12,1,m,20,23-May-2016,Sub5_Trial12_0,0,5,5,58.66076699999999,True,0.835
5,12,1,m,20,23-May-2016,Sub5_Trial12_0,0,6,6,33.11589,True,0.835
5,12,1,m,20,23-May-2016,Sub5_Trial12_1,1,0,0,34.297805,False,0.835
5,12,1,m,20,23-May-2016,Sub5_Trial12_1,1,1,1,-55.088941000000005,False,0.835
5,12,1,m,20,23-May-2016,Sub5_Trial12_1,1,2,2,-14.338313,False,0.835
5,12,1,m,20,23-May-2016,Sub5_Trial12_1,1,3,3,28.620583,False,0.835
5,12,1,m,20,23-May-2016,Sub5_Trial12_1,1,4,4,-16.295674000000005,False,0.835
5,12,1,m,20,23-May-2016,Sub5_Trial12_1,1,5,5,-5.73809,False,0.835
5,12,1,m,20,23-May-2016,Sub5_Trial12_1,1,6,6,-41.970537,False,0.835
5,13,1,m,20,23-May-2016,Sub5_Trial13_0,0,0,0,-28.926805,False,0.919
5,13,1,m,20,23-May-2016,Sub5_Trial13_0,0,1,1,-0.43309400000000053,False,0.919
5,13,1,m,20,23-May-2016,Sub5_Trial13_0,0,2,2,7.083176999999999,False,0.919
5,13,1,m,20,23-May-2016,Sub5_Trial13_0,0,3,3,-80.833853,False,0.919
5,13,1,m,20,23-May-2016,Sub5_Trial13_0,0,4,4,15.410729000000003,False,0.919
5,13,1,m,20,23-May-2016,Sub5_Trial13_0,0,5,5,-74.954744,False,0.919
5,13,1,m,20,23-May-2016,Sub5_Trial13_0,0,6,6,-93.45567,False,0.919
5,13,1,m,20,23-May-2016,Sub5_Trial13_1,1,0,0,43.912875,True,0.919
5,13,1,m,20,23-May-2016,Sub5_Trial13_1,1,1,1,6.271955999999999,True,0.919
5,13,1,m,20,23-May-2016,Sub5_Trial13_1,1,2,2,5.47336,True,0.919
5,13,1,m,20,23-May-2016,Sub5_Trial13_1,1,3,3,-16.191632,True,0.919
5,13,1,m,20,23-May-2016,Sub5_Trial13_1,1,4,4,-4.014932000000002,True,0.919
5,13,1,m,20,23-May-2016,Sub5_Trial13_1,1,5,5,34.442438,True,0.919
5,13,1,m,20,23-May-2016,Sub5_Trial13_1,1,6,6,52.9044,True,0.919
5,14,1,m,20,23-May-2016,Sub5_Trial14_0,0,0,0,-48.140114,False,1.051
5,14,1,m,20,23-May-2016,Sub5_Trial14_0,0,1,1,35.774133,False,1.051
5,14,1,m,20,23-May-2016,Sub5_Trial14_0,0,2,2,99.486277,False,1.051
5,14,1,m,20,23-May-2016,Sub5_Trial14_0,0,3,3,-0.3477880000000013,False,1.051
5,14,1,m,20,23-May-2016,Sub5_Trial14_0,0,4,4,-17.49002,False,1.051
5,14,1,m,20,23-May-2016,Sub5_Trial14_0,0,5,5,38.706936,False,1.051
5,14,1,m,20,23-May-2016,Sub5_Trial14_0,0,6,6,-113.18002999999999,False,1.051
5,14,1,m,20,23-May-2016,Sub5_Trial14_1,1,0,0,23.385356,True,1.051
5,14,1,m,20,23-May-2016,Sub5_Trial14_1,1,1,1,56.25944200000001,True,1.051
5,14,1,m,20,23-May-2016,Sub5_Trial14_1,1,2,2,-51.589519,True,1.051
5,14,1,m,20,23-May-2016,Sub5_Trial14_1,1,3,3,-33.259588,True,1.051
5,14,1,m,20,23-May-2016,Sub5_Trial14_1,1,4,4,-43.575884,True,1.051
5,14,1,m,20,23-May-2016,Sub5_Trial14_1,1,5,5,17.914904,True,1.051
5,14,1,m,20,23-May-2016,Sub5_Trial14_1,1,6,6,99.937156,True,1.051
5,15,1,m,20,23-May-2016,Sub5_Trial15_0,0,0,0,-51.424564,False,1.228
5,15,1,m,20,23-May-2016,Sub5_Trial15_0,0,1,1,-64.190421,False,1.228
5,15,1,m,20,23-May-2016,Sub5_Trial15_0,0,2,2,-2.078679000000001,False,1.228
5,15,1,m,20,23-May-2016,Sub5_Trial15_0,0,3,3,-11.035108,False,1.228
5,15,1,m,20,23-May-2016,Sub5_Trial15_0,0,4,4,104.384002,False,1.228
5,15,1,m,20,23-May-2016,Sub5_Trial15_0,0,5,5,-0.4920909999999985,False,1.228
5,15,1,m,20,23-May-2016,Sub5_Trial15_0,0,6,6,6.595627,False,1.228
5,15,1,m,20,23-May-2016,Sub5_Trial15_1,1,0,0,-50.79324600000001,True,1.228
5,15,1,m,20,23-May-2016,Sub5_Trial15_1,1,1,1,27.96431,True,1.228
5,15,1,m,20,23-May-2016,Sub5_Trial15_1,1,2,2,14.101139,True,1.228
5,15,1,m,20,23-May-2016,Sub5_Trial15_1,1,3,3,-107.998408,True,1.228
5,15,1,m,20,23-May-2016,Sub5_Trial15_1,1,4,4,-45.20361700000001,True,1.228
5,15,1,m,20,23-May-2016,Sub5_Trial15_1,1,5,5,76.209938,True,1.228
5,15,1,m,20,23-May-2016,Sub5_Trial15_1,1,6,6,-132.975153,True,1.228
5,16,1,m,20,23-May-2016,Sub5_Trial16_0,0,0,0,56.734155,False,1.202
5,16,1,m,20,23-May-2016,Sub5_Trial16_0,0,1,1,-92.28546,False,1.202
5,16,1,m,20,23-May-2016,Sub5_Trial16_0,0,2,2,43.08787,False,1.202
5,16,1,m,20,23-May-2016,Sub5_Trial16_0,0,3,3,-72.248149,False,1.202
5,16,1,m,20,23-May-2016,Sub5_Trial16_0,0,4,4,-31.587099,False,1.202
5,16,1,m,20,23-May-2016,Sub5_Trial16_0,0,5,5,-67.82757,False,1.202
5,16,1,m,20,23-May-2016,Sub5_Trial16_0,0,6,6,83.680614,False,1.202
5,16,1,m,20,23-May-2016,Sub5_Trial16_1,1,0,0,-93.825042,True,1.202
5,16,1,m,20,23-May-2016,Sub5_Trial16_1,1,1,1,2.090589999999999,True,1.202
5,16,1,m,20,23-May-2016,Sub5_Trial16_1,1,2,2,-92.283957,True,1.202
5,16,1,m,20,23-May-2016,Sub5_Trial16_1,1,3,3,-67.376263,True,1.202
5,16,1,m,20,23-May-2016,Sub5_Trial16_1,1,4,4,12.496316,True,1.202
5,16,1,m,20,23-May-2016,Sub5_Trial16_1,1,5,5,-12.099407,True,1.202
5,16,1,m,20,23-May-2016,Sub5_Trial16_1,1,6,6,-138.326913,True,1.202
5,17,1,m,20,23-May-2016,Sub5_Trial17_0,0,0,0,-91.952322,True,1.053
5,17,1,m,20,23-May-2016,Sub5_Trial17_0,0,1,1,19.078401999999997,True,1.053
5,17,1,m,20,23-May-2016,Sub5_Trial17_0,0,2,2,-33.815561,True,1.053
5,17,1,m,20,23-May-2016,Sub5_Trial17_0,0,3,3,65.740437,True,1.053
5,17,1,m,20,23-May-2016,Sub5_Trial17_0,0,4,4,-36.943679,True,1.053
5,17,1,m,20,23-May-2016,Sub5_Trial17_0,0,5,5,42.574977,True,1.053
5,17,1,m,20,23-May-2016,Sub5_Trial17_0,0,6,6,119.80328400000002,True,1.053
5,17,1,m,20,23-May-2016,Sub5_Trial17_1,1,0,0,15.788568,False,1.053
5,17,1,m,20,23-May-2016,Sub5_Trial17_1,1,1,1,28.948955,False,1.053
5,17,1,m,20,23-May-2016,Sub5_Trial17_1,1,2,2,72.803301,False,1.053
5,17,1,m,20,23-May-2016,Sub5_Trial17_1,1,3,3,63.350504,False,1.053
5,17,1,m,20,23-May-2016,Sub5_Trial17_1,1,4,4,84.807505,False,1.053
5,17,1,m,20,23-May-2016,Sub5_Trial17_1,1,5,5,-6.762298000000001,False,1.053
5,17,1,m,20,23-May-2016,Sub5_Trial17_1,1,6,6,-76.579398,False,1.053
5,18,1,m,20,23-May-2016,Sub5_Trial18_0,0,0,0,-53.756205,False,1.159
5,18,1,m,20,23-May-2016,Sub5_Trial18_0,0,1,1,50.543661,False,1.159
5,18,1,m,20,23-May-2016,Sub5_Trial18_0,0,2,2,2.1803670000000004,False,1.159
5,18,1,m,20,23-May-2016,Sub5_Trial18_0,0,3,3,146.800091,False,1.159
5,18,1,m,20,23-May-2016,Sub5_Trial18_0,0,4,4,-8.250133,False,1.159
5,18,1,m,20,23-May-2016,Sub5_Trial18_0,0,5,5,113.250856,False,1.159
5,18,1,m,20,23-May-2016,Sub5_Trial18_0,0,6,6,-23.933972,False,1.159
5,18,1,m,20,23-May-2016,Sub5_Trial18_1,1,0,0,-29.190053,True,1.159
5,18,1,m,20,23-May-2016,Sub5_Trial18_1,1,1,1,79.41556,True,1.159
5,18,1,m,20,23-May-2016,Sub5_Trial18_1,1,2,2,-36.447053,True,1.159
5,18,1,m,20,23-May-2016,Sub5_Trial18_1,1,3,3,-124.05941999999999,True,1.159
5,18,1,m,20,23-May-2016,Sub5_Trial18_1,1,4,4,30.931917,True,1.159
5,18,1,m,20,23-May-2016,Sub5_Trial18_1,1,5,5,119.184429,True,1.159
5,18,1,m,20,23-May-2016,Sub5_Trial18_1,1,6,6,65.67859,True,1.159
5,19,1,m,20,23-May-2016,Sub5_Trial19_0,0,0,0,31.971085,True,1.237
5,19,1,m,20,23-May-2016,Sub5_Trial19_0,0,1,1,-74.111518,True,1.237
5,19,1,m,20,23-May-2016,Sub5_Trial19_0,0,2,2,58.440408,True,1.237
5,19,1,m,20,23-May-2016,Sub5_Trial19_0,0,3,3,-122.184121,True,1.237
5,19,1,m,20,23-May-2016,Sub5_Trial19_0,0,4,4,11.120535,True,1.237
5,19,1,m,20,23-May-2016,Sub5_Trial19_0,0,5,5,12.957998,True,1.237
5,19,1,m,20,23-May-2016,Sub5_Trial19_0,0,6,6,142.078809,True,1.237
5,19,1,m,20,23-May-2016,Sub5_Trial19_1,1,0,0,39.996865,False,1.237
5,19,1,m,20,23-May-2016,Sub5_Trial19_1,1,1,1,18.288337,False,1.237
5,19,1,m,20,23-May-2016,Sub5_Trial19_1,1,2,2,-82.330254,False,1.237
5,19,1,m,20,23-May-2016,Sub5_Trial19_1,1,3,3,17.734015,False,1.237
5,19,1,m,20,23-May-2016,Sub5_Trial19_1,1,4,4,-19.62294,False,1.237
5,19,1,m,20,23-May-2016,Sub5_Trial19_1,1,5,5,-11.524984,False,1.237
5,19,1,m,20,23-May-2016,Sub5_Trial19_1,1,6,6,-61.792661,False,1.237
5,20,1,m,20,23-May-2016,Sub5_Trial20_0,0,0,0,35.218339,False,1.027
5,20,1,m,20,23-May-2016,Sub5_Trial20_0,0,1,1,-110.805893,False,1.027
5,20,1,m,20,23-May-2016,Sub5_Trial20_0,0,2,2,-43.180811,False,1.027
5,20,1,m,20,23-May-2016,Sub5_Trial20_0,0,3,3,39.023854,False,1.027
5,20,1,m,20,23-May-2016,Sub5_Trial20_0,0,4,4,-57.51922999999999,False,1.027
5,20,1,m,20,23-May-2016,Sub5_Trial20_0,0,5,5,-62.138722,False,1.027
5,20,1,m,20,23-May-2016,Sub5_Trial20_0,0,6,6,-63.191163,False,1.027
5,20,1,m,20,23-May-2016,Sub5_Trial20_1,1,0,0,-32.378924,True,1.027
5,20,1,m,20,23-May-2016,Sub5_Trial20_1,1,1,1,-73.256589,True,1.027
5,20,1,m,20,23-May-2016,Sub5_Trial20_1,1,2,2,-36.522466,True,1.027
5,20,1,m,20,23-May-2016,Sub5_Trial20_1,1,3,3,1.2688939999999995,True,1.027
5,20,1,m,20,23-May-2016,Sub5_Trial20_1,1,4,4,10.58626,True,1.027
5,20,1,m,20,23-May-2016,Sub5_Trial20_1,1,5,5,-27.542571,True,1.027
5,20,1,m,20,23-May-2016,Sub5_Trial20_1,1,6,6,-79.18187,True,1.027
5,21,1,m,20,23-May-2016,Sub5_Trial21_0,0,0,0,-82.517754,False,1.124
5,21,1,m,20,23-May-2016,Sub5_Trial21_0,0,1,1,67.656193,False,1.124
5,21,1,m,20,23-May-2016,Sub5_Trial21_0,0,2,2,-16.279406,False,1.124
5,21,1,m,20,23-May-2016,Sub5_Trial21_0,0,3,3,66.189576,False,1.124
5,21,1,m,20,23-May-2016,Sub5_Trial21_0,0,4,4,98.921666,False,1.124
5,21,1,m,20,23-May-2016,Sub5_Trial21_0,0,5,5,44.304794,False,1.124
5,21,1,m,20,23-May-2016,Sub5_Trial21_0,0,6,6,-54.486012,False,1.124
5,21,1,m,20,23-May-2016,Sub5_Trial21_1,1,0,0,-56.690682,True,1.124
5,21,1,m,20,23-May-2016,Sub5_Trial21_1,1,1,1,-21.016626,True,1.124
5,21,1,m,20,23-May-2016,Sub5_Trial21_1,1,2,2,68.92347,True,1.124
5,21,1,m,20,23-May-2016,Sub5_Trial21_1,1,3,3,-78.461259,True,1.124
5,21,1,m,20,23-May-2016,Sub5_Trial21_1,1,4,4,-32.061589,True,1.124
5,21,1,m,20,23-May-2016,Sub5_Trial21_1,1,5,5,64.463525,True,1.124
5,21,1,m,20,23-May-2016,Sub5_Trial21_1,1,6,6,-2.965475999999999,True,1.124
5,22,1,m,20,23-May-2016,Sub5_Trial22_0,0,0,0,16.595733,True,1.112
5,22,1,m,20,23-May-2016,Sub5_Trial22_0,0,1,1,-32.084529,True,1.112
5,22,1,m,20,23-May-2016,Sub5_Trial22_0,0,2,2,-35.095236,True,1.112
5,22,1,m,20,23-May-2016,Sub5_Trial22_0,0,3,3,44.475994,True,1.112
5,22,1,m,20,23-May-2016,Sub5_Trial22_0,0,4,4,113.792304,True,1.112
5,22,1,m,20,23-May-2016,Sub5_Trial22_0,0,5,5,-28.333731999999998,True,1.112
5,22,1,m,20,23-May-2016,Sub5_Trial22_0,0,6,6,1.1938969999999998,True,1.112
5,22,1,m,20,23-May-2016,Sub5_Trial22_1,1,0,0,37.640594,False,1.112
5,22,1,m,20,23-May-2016,Sub5_Trial22_1,1,1,1,-46.729937,False,1.112
5,22,1,m,20,23-May-2016,Sub5_Trial22_1,1,2,2,-51.909245,False,1.112
5,22,1,m,20,23-May-2016,Sub5_Trial22_1,1,3,3,-55.070193,False,1.112
5,22,1,m,20,23-May-2016,Sub5_Trial22_1,1,4,4,-23.215184,False,1.112
5,22,1,m,20,23-May-2016,Sub5_Trial22_1,1,5,5,-131.224677,False,1.112
5,22,1,m,20,23-May-2016,Sub5_Trial22_1,1,6,6,-14.843289,False,1.112
5,23,1,m,20,23-May-2016,Sub5_Trial23_0,0,0,0,18.608506,True,0.742
5,23,1,m,20,23-May-2016,Sub5_Trial23_0,0,1,1,-31.477227,True,0.742
5,23,1,m,20,23-May-2016,Sub5_Trial23_0,0,2,2,41.412858,True,0.742
5,23,1,m,20,23-May-2016,Sub5_Trial23_0,0,3,3,4.871853999999999,True,0.742
5,23,1,m,20,23-May-2016,Sub5_Trial23_0,0,4,4,39.644258,True,0.742
5,23,1,m,20,23-May-2016,Sub5_Trial23_0,0,5,5,43.167023,True,0.742
5,23,1,m,20,23-May-2016,Sub5_Trial23_0,0,6,6,-11.391389,True,0.742
5,23,1,m,20,23-May-2016,Sub5_Trial23_1,1,0,0,86.087234,False,0.742
5,23,1,m,20,23-May-2016,Sub5_Trial23_1,1,1,1,-33.397979,False,0.742
5,23,1,m,20,23-May-2016,Sub5_Trial23_1,1,2,2,41.795743,False,0.742
5,23,1,m,20,23-May-2016,Sub5_Trial23_1,1,3,3,-18.05267,False,0.742
5,23,1,m,20,23-May-2016,Sub5_Trial23_1,1,4,4,74.492709,False,0.742
5,23,1,m,20,23-May-2016,Sub5_Trial23_1,1,5,5,-105.934666,False,0.742
5,23,1,m,20,23-May-2016,Sub5_Trial23_1,1,6,6,-16.732549,False,0.742
5,24,1,m,20,23-May-2016,Sub5_Trial24_0,0,0,0,-58.247686,True,0.767
5,24,1,m,20,23-May-2016,Sub5_Trial24_0,0,1,1,-78.187919,True,0.767
5,24,1,m,20,23-May-2016,Sub5_Trial24_0,0,2,2,-53.511214,True,0.767
5,24,1,m,20,23-May-2016,Sub5_Trial24_0,0,3,3,58.039868,True,0.767
5,24,1,m,20,23-May-2016,Sub5_Trial24_0,0,4,4,75.294803,True,0.767
5,24,1,m,20,23-May-2016,Sub5_Trial24_0,0,5,5,38.712459,True,0.767
5,24,1,m,20,23-May-2016,Sub5_Trial24_0,0,6,6,76.834279,True,0.767
5,24,1,m,20,23-May-2016,Sub5_Trial24_1,1,0,0,41.537013,False,0.767
5,24,1,m,20,23-May-2016,Sub5_Trial24_1,1,1,1,-31.051136999999997,False,0.767
5,24,1,m,20,23-May-2016,Sub5_Trial24_1,1,2,2,78.406188,False,0.767
5,24,1,m,20,23-May-2016,Sub5_Trial24_1,1,3,3,-48.361845,False,0.767
5,24,1,m,20,23-May-2016,Sub5_Trial24_1,1,4,4,5.191573999999999,False,0.767
5,24,1,m,20,23-May-2016,Sub5_Trial24_1,1,5,5,-15.458472999999998,False,0.767
5,24,1,m,20,23-May-2016,Sub5_Trial24_1,1,6,6,3.679698000000002,False,0.767
5,25,1,m,20,23-May-2016,Sub5_Trial25_0,0,0,0,-101.563252,True,3.199
5,25,1,m,20,23-May-2016,Sub5_Trial25_0,0,1,1,-11.861306,True,3.199
5,25,1,m,20,23-May-2016,Sub5_Trial25_0,0,2,2,121.460545,True,3.199
5,25,1,m,20,23-May-2016,Sub5_Trial25_0,0,3,3,119.768516,True,3.199
5,25,1,m,20,23-May-2016,Sub5_Trial25_0,0,4,4,-118.21071,True,3.199
5,25,1,m,20,23-May-2016,Sub5_Trial25_0,0,5,5,57.246498,True,3.199
5,25,1,m,20,23-May-2016,Sub5_Trial25_0,0,6,6,36.831381,True,3.199
5,25,1,m,20,23-May-2016,Sub5_Trial25_1,1,0,0,41.193677,False,3.199
5,25,1,m,20,23-May-2016,Sub5_Trial25_1,1,1,1,-90.476195,False,3.199
5,25,1,m,20,23-May-2016,Sub5_Trial25_1,1,2,2,32.850056,False,3.199
5,25,1,m,20,23-May-2016,Sub5_Trial25_1,1,3,3,-111.55131599999999,False,3.199
5,25,1,m,20,23-May-2016,Sub5_Trial25_1,1,4,4,3.4313819999999993,False,3.199
5,25,1,m,20,23-May-2016,Sub5_Trial25_1,1,5,5,-8.195111,False,3.199
5,25,1,m,20,23-May-2016,Sub5_Trial25_1,1,6,6,25.306673,False,3.199
5,26,1,m,20,23-May-2016,Sub5_Trial26_0,0,0,0,-18.573225,False,1.223
5,26,1,m,20,23-May-2016,Sub5_Trial26_0,0,1,1,-47.721626,False,1.223
5,26,1,m,20,23-May-2016,Sub5_Trial26_0,0,2,2,-10.079748,False,1.223
5,26,1,m,20,23-May-2016,Sub5_Trial26_0,0,3,3,29.303728,False,1.223
5,26,1,m,20,23-May-2016,Sub5_Trial26_0,0,4,4,78.887903,False,1.223
5,26,1,m,20,23-May-2016,Sub5_Trial26_0,0,5,5,-54.910152,False,1.223
5,26,1,m,20,23-May-2016,Sub5_Trial26_0,0,6,6,-51.909581,False,1.223
5,26,1,m,20,23-May-2016,Sub5_Trial26_1,1,0,0,-77.466196,True,1.223
5,26,1,m,20,23-May-2016,Sub5_Trial26_1,1,1,1,-17.804232,True,1.223
5,26,1,m,20,23-May-2016,Sub5_Trial26_1,1,2,2,69.044783,True,1.223
5,26,1,m,20,23-May-2016,Sub5_Trial26_1,1,3,3,7.4046330000000005,True,1.223
5,26,1,m,20,23-May-2016,Sub5_Trial26_1,1,4,4,-56.857186,True,1.223
5,26,1,m,20,23-May-2016,Sub5_Trial26_1,1,5,5,62.730354,True,1.223
5,26,1,m,20,23-May-2016,Sub5_Trial26_1,1,6,6,-82.234273,True,1.223
5,27,1,m,20,23-May-2016,Sub5_Trial27_0,0,0,0,-8.297954,True,1.373
5,27,1,m,20,23-May-2016,Sub5_Trial27_0,0,1,1,-70.46742,True,1.373
5,27,1,m,20,23-May-2016,Sub5_Trial27_0,0,2,2,-82.645825,True,1.373
5,27,1,m,20,23-May-2016,Sub5_Trial27_0,0,3,3,3.808934999999998,True,1.373
5,27,1,m,20,23-May-2016,Sub5_Trial27_0,0,4,4,101.247409,True,1.373
5,27,1,m,20,23-May-2016,Sub5_Trial27_0,0,5,5,-86.084789,True,1.373
5,27,1,m,20,23-May-2016,Sub5_Trial27_0,0,6,6,32.281661,True,1.373
5,27,1,m,20,23-May-2016,Sub5_Trial27_1,1,0,0,-79.556157,False,1.373
5,27,1,m,20,23-May-2016,Sub5_Trial27_1,1,1,1,-128.204719,False,1.373
5,27,1,m,20,23-May-2016,Sub5_Trial27_1,1,2,2,24.720297,False,1.373
5,27,1,m,20,23-May-2016,Sub5_Trial27_1,1,3,3,11.651593,False,1.373
5,27,1,m,20,23-May-2016,Sub5_Trial27_1,1,4,4,-8.155742,False,1.373
5,27,1,m,20,23-May-2016,Sub5_Trial27_1,1,5,5,-1.9580580000000012,False,1.373
5,27,1,m,20,23-May-2016,Sub5_Trial27_1,1,6,6,40.871373,False,1.373
5,28,1,m,20,23-May-2016,Sub5_Trial28_0,0,0,0,-85.574335,False,3.429
5,28,1,m,20,23-May-2016,Sub5_Trial28_0,0,1,1,95.105795,False,3.429
5,28,1,m,20,23-May-2016,Sub5_Trial28_0,0,2,2,-59.52949000000001,False,3.429
5,28,1,m,20,23-May-2016,Sub5_Trial28_0,0,3,3,52.180675,False,3.429
5,28,1,m,20,23-May-2016,Sub5_Trial28_0,0,4,4,42.38598,False,3.429
5,28,1,m,20,23-May-2016,Sub5_Trial28_0,0,5,5,124.784824,False,3.429
5,28,1,m,20,23-May-2016,Sub5_Trial28_0,0,6,6,23.797109,False,3.429
5,28,1,m,20,23-May-2016,Sub5_Trial28_1,1,0,0,-37.356929,True,3.429
5,28,1,m,20,23-May-2016,Sub5_Trial28_1,1,1,1,-80.239092,True,3.429
5,28,1,m,20,23-May-2016,Sub5_Trial28_1,1,2,2,53.337683,True,3.429
5,28,1,m,20,23-May-2016,Sub5_Trial28_1,1,3,3,108.053383,True,3.429
5,28,1,m,20,23-May-2016,Sub5_Trial28_1,1,4,4,-128.216015,True,3.429
5,28,1,m,20,23-May-2016,Sub5_Trial28_1,1,5,5,43.595231,True,3.429
5,28,1,m,20,23-May-2016,Sub5_Trial28_1,1,6,6,78.720977,True,3.429
5,29,1,m,20,23-May-2016,Sub5_Trial29_0,0,0,0,15.634967,False,2.763
5,29,1,m,20,23-May-2016,Sub5_Trial29_0,0,1,1,-94.160113,False,2.763
5,29,1,m,20,23-May-2016,Sub5_Trial29_0,0,2,2,-23.538005,False,2.763
5,29,1,m,20,23-May-2016,Sub5_Trial29_0,0,3,3,6.2020990000000005,False,2.763
5,29,1,m,20,23-May-2016,Sub5_Trial29_0,0,4,4,-8.678553,False,2.763
5,29,1,m,20,23-May-2016,Sub5_Trial29_0,0,5,5,-5.1016189999999995,False,2.763
5,29,1,m,20,23-May-2016,Sub5_Trial29_0,0,6,6,28.369425,False,2.763
5,29,1,m,20,23-May-2016,Sub5_Trial29_1,1,0,0,-11.572891,True,2.763
5,29,1,m,20,23-May-2016,Sub5_Trial29_1,1,1,1,77.171439,True,2.763
5,29,1,m,20,23-May-2016,Sub5_Trial29_1,1,2,2,-78.352282,True,2.763
5,29,1,m,20,23-May-2016,Sub5_Trial29_1,1,3,3,78.049044,True,2.763
5,29,1,m,20,23-May-2016,Sub5_Trial29_1,1,4,4,23.683274999999995,True,2.763
5,29,1,m,20,23-May-2016,Sub5_Trial29_1,1,5,5,-9.429212,True,2.763
5,29,1,m,20,23-May-2016,Sub5_Trial29_1,1,6,6,45.035489,True,2.763
5,30,1,m,20,23-May-2016,Sub5_Trial30_0,0,0,0,-56.061946000000006,False,1.36
5,30,1,m,20,23-May-2016,Sub5_Trial30_0,0,1,1,-64.884639,False,1.36
5,30,1,m,20,23-May-2016,Sub5_Trial30_0,0,2,2,52.89761,False,1.36
5,30,1,m,20,23-May-2016,Sub5_Trial30_0,0,3,3,-32.901911,False,1.36
5,30,1,m,20,23-May-2016,Sub5_Trial30_0,0,4,4,109.414256,False,1.36
5,30,1,m,20,23-May-2016,Sub5_Trial30_0,0,5,5,45.296487,False,1.36
5,30,1,m,20,23-May-2016,Sub5_Trial30_0,0,6,6,-33.895456,False,1.36
5,30,1,m,20,23-May-2016,Sub5_Trial30_1,1,0,0,-56.246784,True,1.36
5,30,1,m,20,23-May-2016,Sub5_Trial30_1,1,1,1,-147.133689,True,1.36
5,30,1,m,20,23-May-2016,Sub5_Trial30_1,1,2,2,-60.509403,True,1.36
5,30,1,m,20,23-May-2016,Sub5_Trial30_1,1,3,3,-81.282552,True,1.36
5,30,1,m,20,23-May-2016,Sub5_Trial30_1,1,4,4,-72.355625,True,1.36
5,30,1,m,20,23-May-2016,Sub5_Trial30_1,1,5,5,15.607156000000003,True,1.36
5,30,1,m,20,23-May-2016,Sub5_Trial30_1,1,6,6,-81.714481,True,1.36
5,31,1,m,20,23-May-2016,Sub5_Trial31_0,0,0,0,-52.751600999999994,True,1.453
5,31,1,m,20,23-May-2016,Sub5_Trial31_0,0,1,1,7.284044,True,1.453
5,31,1,m,20,23-May-2016,Sub5_Trial31_0,0,2,2,2.585756,True,1.453
5,31,1,m,20,23-May-2016,Sub5_Trial31_0,0,3,3,126.352756,True,1.453
5,31,1,m,20,23-May-2016,Sub5_Trial31_0,0,4,4,109.864188,True,1.453
5,31,1,m,20,23-May-2016,Sub5_Trial31_0,0,5,5,-55.81103,True,1.453
5,31,1,m,20,23-May-2016,Sub5_Trial31_0,0,6,6,-37.793324,True,1.453
5,31,1,m,20,23-May-2016,Sub5_Trial31_1,1,0,0,-13.000448,False,1.453
5,31,1,m,20,23-May-2016,Sub5_Trial31_1,1,1,1,-141.207955,False,1.453
5,31,1,m,20,23-May-2016,Sub5_Trial31_1,1,2,2,-26.647919,False,1.453
5,31,1,m,20,23-May-2016,Sub5_Trial31_1,1,3,3,11.204977,False,1.453
5,31,1,m,20,23-May-2016,Sub5_Trial31_1,1,4,4,-46.472444,False,1.453
5,31,1,m,20,23-May-2016,Sub5_Trial31_1,1,5,5,-103.29326,False,1.453
5,31,1,m,20,23-May-2016,Sub5_Trial31_1,1,6,6,-136.143849,False,1.453
5,32,1,m,20,23-May-2016,Sub5_Trial32_0,0,0,0,35.620879,False,1.433
5,32,1,m,20,23-May-2016,Sub5_Trial32_0,0,1,1,-12.947042,False,1.433
5,32,1,m,20,23-May-2016,Sub5_Trial32_0,0,2,2,-104.876024,False,1.433
5,32,1,m,20,23-May-2016,Sub5_Trial32_0,0,3,3,-103.108427,False,1.433
5,32,1,m,20,23-May-2016,Sub5_Trial32_0,0,4,4,18.438845,False,1.433
5,32,1,m,20,23-May-2016,Sub5_Trial32_0,0,5,5,31.326605999999998,False,1.433
5,32,1,m,20,23-May-2016,Sub5_Trial32_0,0,6,6,-115.441218,False,1.433
5,32,1,m,20,23-May-2016,Sub5_Trial32_1,1,0,0,24.566224,True,1.433
5,32,1,m,20,23-May-2016,Sub5_Trial32_1,1,1,1,16.69089,True,1.433
5,32,1,m,20,23-May-2016,Sub5_Trial32_1,1,2,2,-31.736586000000003,True,1.433
5,32,1,m,20,23-May-2016,Sub5_Trial32_1,1,3,3,57.356869,True,1.433
5,32,1,m,20,23-May-2016,Sub5_Trial32_1,1,4,4,101.319401,True,1.433
5,32,1,m,20,23-May-2016,Sub5_Trial32_1,1,5,5,105.512082,True,1.433
5,32,1,m,20,23-May-2016,Sub5_Trial32_1,1,6,6,46.877745,True,1.433
5,33,1,m,20,23-May-2016,Sub5_Trial33_0,0,0,0,-2.5995409999999985,False,1.028
5,33,1,m,20,23-May-2016,Sub5_Trial33_0,0,1,1,-12.995359,False,1.028
5,33,1,m,20,23-May-2016,Sub5_Trial33_0,0,2,2,84.839383,False,1.028
5,33,1,m,20,23-May-2016,Sub5_Trial33_0,0,3,3,-111.412973,False,1.028
5,33,1,m,20,23-May-2016,Sub5_Trial33_0,0,4,4,-132.604126,False,1.028
5,33,1,m,20,23-May-2016,Sub5_Trial33_0,0,5,5,-83.754445,False,1.028
5,33,1,m,20,23-May-2016,Sub5_Trial33_0,0,6,6,-2.993904999999998,False,1.028
5,33,1,m,20,23-May-2016,Sub5_Trial33_1,1,0,0,-79.518649,True,1.028
5,33,1,m,20,23-May-2016,Sub5_Trial33_1,1,1,1,-44.789181,True,1.028
5,33,1,m,20,23-May-2016,Sub5_Trial33_1,1,2,2,-63.137164,True,1.028
5,33,1,m,20,23-May-2016,Sub5_Trial33_1,1,3,3,-7.465820000000001,True,1.028
5,33,1,m,20,23-May-2016,Sub5_Trial33_1,1,4,4,54.435151,True,1.028
5,33,1,m,20,23-May-2016,Sub5_Trial33_1,1,5,5,43.14361,True,1.028
5,33,1,m,20,23-May-2016,Sub5_Trial33_1,1,6,6,-0.7665110000000013,True,1.028
5,34,1,m,20,23-May-2016,Sub5_Trial34_0,0,0,0,-87.738733,False,1.077
5,34,1,m,20,23-May-2016,Sub5_Trial34_0,0,1,1,-103.792748,False,1.077
5,34,1,m,20,23-May-2016,Sub5_Trial34_0,0,2,2,-19.996747,False,1.077
5,34,1,m,20,23-May-2016,Sub5_Trial34_0,0,3,3,-26.709409,False,1.077
5,34,1,m,20,23-May-2016,Sub5_Trial34_0,0,4,4,19.194603999999998,False,1.077
5,34,1,m,20,23-May-2016,Sub5_Trial34_0,0,5,5,-130.955433,False,1.077
5,34,1,m,20,23-May-2016,Sub5_Trial34_0,0,6,6,102.968172,False,1.077
5,34,1,m,20,23-May-2016,Sub5_Trial34_1,1,0,0,-11.206059,True,1.077
5,34,1,m,20,23-May-2016,Sub5_Trial34_1,1,1,1,-59.107141,True,1.077
5,34,1,m,20,23-May-2016,Sub5_Trial34_1,1,2,2,-71.154624,True,1.077
5,34,1,m,20,23-May-2016,Sub5_Trial34_1,1,3,3,102.096128,True,1.077
5,34,1,m,20,23-May-2016,Sub5_Trial34_1,1,4,4,38.964112,True,1.077
5,34,1,m,20,23-May-2016,Sub5_Trial34_1,1,5,5,42.586172,True,1.077
5,34,1,m,20,23-May-2016,Sub5_Trial34_1,1,6,6,0.9539769999999983,True,1.077
5,35,1,m,20,23-May-2016,Sub5_Trial35_0,0,0,0,-7.4989360000000005,False,0.998
5,35,1,m,20,23-May-2016,Sub5_Trial35_0,0,1,1,147.909136,False,0.998
5,35,1,m,20,23-May-2016,Sub5_Trial35_0,0,2,2,97.198387,False,0.998
5,35,1,m,20,23-May-2016,Sub5_Trial35_0,0,3,3,6.4422190000000015,False,0.998
5,35,1,m,20,23-May-2016,Sub5_Trial35_0,0,4,4,76.058569,False,0.998
5,35,1,m,20,23-May-2016,Sub5_Trial35_0,0,5,5,-8.717148,False,0.998
5,35,1,m,20,23-May-2016,Sub5_Trial35_0,0,6,6,34.129268,False,0.998
5,35,1,m,20,23-May-2016,Sub5_Trial35_1,1,0,0,22.506169,True,0.998
5,35,1,m,20,23-May-2016,Sub5_Trial35_1,1,1,1,9.595087,True,0.998
5,35,1,m,20,23-May-2016,Sub5_Trial35_1,1,2,2,75.685391,True,0.998
5,35,1,m,20,23-May-2016,Sub5_Trial35_1,1,3,3,-9.557127000000001,True,0.998
5,35,1,m,20,23-May-2016,Sub5_Trial35_1,1,4,4,22.993512,True,0.998
5,35,1,m,20,23-May-2016,Sub5_Trial35_1,1,5,5,41.252946,True,0.998
5,35,1,m,20,23-May-2016,Sub5_Trial35_1,1,6,6,69.331026,True,0.998
5,36,1,m,20,23-May-2016,Sub5_Trial36_0,0,0,0,-42.202459,True,0.968
5,36,1,m,20,23-May-2016,Sub5_Trial36_0,0,1,1,134.370392,True,0.968
5,36,1,m,20,23-May-2016,Sub5_Trial36_0,0,2,2,-67.115243,True,0.968
5,36,1,m,20,23-May-2016,Sub5_Trial36_0,0,3,3,-71.366147,True,0.968
5,36,1,m,20,23-May-2016,Sub5_Trial36_0,0,4,4,60.788621,True,0.968
5,36,1,m,20,23-May-2016,Sub5_Trial36_0,0,5,5,59.934148,True,0.968
5,36,1,m,20,23-May-2016,Sub5_Trial36_0,0,6,6,-84.894362,True,0.968
5,36,1,m,20,23-May-2016,Sub5_Trial36_1,1,0,0,6.136263,False,0.968
5,36,1,m,20,23-May-2016,Sub5_Trial36_1,1,1,1,114.573868,False,0.968
5,36,1,m,20,23-May-2016,Sub5_Trial36_1,1,2,2,-2.1466150000000006,False,0.968
5,36,1,m,20,23-May-2016,Sub5_Trial36_1,1,3,3,76.285444,False,0.968
5,36,1,m,20,23-May-2016,Sub5_Trial36_1,1,4,4,-42.124672,False,0.968
5,36,1,m,20,23-May-2016,Sub5_Trial36_1,1,5,5,-79.716143,False,0.968
5,36,1,m,20,23-May-2016,Sub5_Trial36_1,1,6,6,38.592915,False,0.968
5,37,1,m,20,23-May-2016,Sub5_Trial37_0,0,0,0,-143.175598,True,1.583
5,37,1,m,20,23-May-2016,Sub5_Trial37_0,0,1,1,-141.062768,True,1.583
5,37,1,m,20,23-May-2016,Sub5_Trial37_0,0,2,2,-18.287586000000005,True,1.583
5,37,1,m,20,23-May-2016,Sub5_Trial37_0,0,3,3,-36.924824,True,1.583
5,37,1,m,20,23-May-2016,Sub5_Trial37_0,0,4,4,-108.71956499999999,True,1.583
5,37,1,m,20,23-May-2016,Sub5_Trial37_0,0,5,5,-57.24959100000001,True,1.583
5,37,1,m,20,23-May-2016,Sub5_Trial37_0,0,6,6,81.824244,True,1.583
5,37,1,m,20,23-May-2016,Sub5_Trial37_1,1,0,0,-28.942462,False,1.583
5,37,1,m,20,23-May-2016,Sub5_Trial37_1,1,1,1,5.047920999999999,False,1.583
5,37,1,m,20,23-May-2016,Sub5_Trial37_1,1,2,2,-8.66208,False,1.583
5,37,1,m,20,23-May-2016,Sub5_Trial37_1,1,3,3,-79.123093,False,1.583
5,37,1,m,20,23-May-2016,Sub5_Trial37_1,1,4,4,-110.906833,False,1.583
5,37,1,m,20,23-May-2016,Sub5_Trial37_1,1,5,5,-97.898972,False,1.583
5,37,1,m,20,23-May-2016,Sub5_Trial37_1,1,6,6,-26.789338,False,1.583
5,38,1,m,20,23-May-2016,Sub5_Trial38_0,0,0,0,76.422247,False,1.279
5,38,1,m,20,23-May-2016,Sub5_Trial38_0,0,1,1,104.844492,False,1.279
5,38,1,m,20,23-May-2016,Sub5_Trial38_0,0,2,2,-83.320277,False,1.279
5,38,1,m,20,23-May-2016,Sub5_Trial38_0,0,3,3,-13.348795000000003,False,1.279
5,38,1,m,20,23-May-2016,Sub5_Trial38_0,0,4,4,-47.57245,False,1.279
5,38,1,m,20,23-May-2016,Sub5_Trial38_0,0,5,5,23.963056,False,1.279
5,38,1,m,20,23-May-2016,Sub5_Trial38_0,0,6,6,69.304932,False,1.279
5,38,1,m,20,23-May-2016,Sub5_Trial38_1,1,0,0,-128.910065,True,1.279
5,38,1,m,20,23-May-2016,Sub5_Trial38_1,1,1,1,16.170480999999995,True,1.279
5,38,1,m,20,23-May-2016,Sub5_Trial38_1,1,2,2,99.111095,True,1.279
5,38,1,m,20,23-May-2016,Sub5_Trial38_1,1,3,3,121.581536,True,1.279
5,38,1,m,20,23-May-2016,Sub5_Trial38_1,1,4,4,-20.116116,True,1.279
5,38,1,m,20,23-May-2016,Sub5_Trial38_1,1,5,5,148.172573,True,1.279
5,38,1,m,20,23-May-2016,Sub5_Trial38_1,1,6,6,62.723991,True,1.279
5,39,1,m,20,23-May-2016,Sub5_Trial39_0,0,0,0,21.63983,True,1.564
5,39,1,m,20,23-May-2016,Sub5_Trial39_0,0,1,1,-94.500425,True,1.564
5,39,1,m,20,23-May-2016,Sub5_Trial39_0,0,2,2,-15.121640999999997,True,1.564
5,39,1,m,20,23-May-2016,Sub5_Trial39_0,0,3,3,38.921469,True,1.564
5,39,1,m,20,23-May-2016,Sub5_Trial39_0,0,4,4,-24.673620999999997,True,1.564
5,39,1,m,20,23-May-2016,Sub5_Trial39_0,0,5,5,-9.116944,True,1.564
5,39,1,m,20,23-May-2016,Sub5_Trial39_0,0,6,6,71.829315,True,1.564
5,39,1,m,20,23-May-2016,Sub5_Trial39_1,1,0,0,-60.634348,False,1.564
5,39,1,m,20,23-May-2016,Sub5_Trial39_1,1,1,1,-96.073379,False,1.564
5,39,1,m,20,23-May-2016,Sub5_Trial39_1,1,2,2,15.438834,False,1.564
5,39,1,m,20,23-May-2016,Sub5_Trial39_1,1,3,3,71.938685,False,1.564
5,39,1,m,20,23-May-2016,Sub5_Trial39_1,1,4,4,8.079878,False,1.564
5,39,1,m,20,23-May-2016,Sub5_Trial39_1,1,5,5,-50.031499,False,1.564
5,39,1,m,20,23-May-2016,Sub5_Trial39_1,1,6,6,59.994917,False,1.564
5,40,1,m,20,23-May-2016,Sub5_Trial40_0,0,0,0,66.372992,True,0.906
5,40,1,m,20,23-May-2016,Sub5_Trial40_0,0,1,1,-97.829414,True,0.906
5,40,1,m,20,23-May-2016,Sub5_Trial40_0,0,2,2,-86.320767,True,0.906
5,40,1,m,20,23-May-2016,Sub5_Trial40_0,0,3,3,-17.56962,True,0.906
5,40,1,m,20,23-May-2016,Sub5_Trial40_0,0,4,4,-140.616783,True,0.906
5,40,1,m,20,23-May-2016,Sub5_Trial40_0,0,5,5,51.162060999999994,True,0.906
5,40,1,m,20,23-May-2016,Sub5_Trial40_0,0,6,6,-45.405069,True,0.906
5,40,1,m,20,23-May-2016,Sub5_Trial40_1,1,0,0,-34.208006,False,0.906
5,40,1,m,20,23-May-2016,Sub5_Trial40_1,1,1,1,-82.017773,False,0.906
5,40,1,m,20,23-May-2016,Sub5_Trial40_1,1,2,2,8.688016,False,0.906
5,40,1,m,20,23-May-2016,Sub5_Trial40_1,1,3,3,-16.655107,False,0.906
5,40,1,m,20,23-May-2016,Sub5_Trial40_1,1,4,4,-0.29401100000000113,False,0.906
5,40,1,m,20,23-May-2016,Sub5_Trial40_1,1,5,5,-43.441144,False,0.906
5,40,1,m,20,23-May-2016,Sub5_Trial40_1,1,6,6,-145.389474,False,0.906
5,41,1,m,20,23-May-2016,Sub5_Trial41_0,0,0,0,-108.234945,False,3.775
5,41,1,m,20,23-May-2016,Sub5_Trial41_0,0,1,1,85.304273,False,3.775
5,41,1,m,20,23-May-2016,Sub5_Trial41_0,0,2,2,-23.60361,False,3.775
5,41,1,m,20,23-May-2016,Sub5_Trial41_0,0,3,3,-47.3591,False,3.775
5,41,1,m,20,23-May-2016,Sub5_Trial41_0,0,4,4,-8.506663,False,3.775
5,41,1,m,20,23-May-2016,Sub5_Trial41_0,0,5,5,-35.927085,False,3.775
5,41,1,m,20,23-May-2016,Sub5_Trial41_0,0,6,6,20.308458,False,3.775
5,41,1,m,20,23-May-2016,Sub5_Trial41_1,1,0,0,-68.860063,True,3.775
5,41,1,m,20,23-May-2016,Sub5_Trial41_1,1,1,1,26.739645,True,3.775
5,41,1,m,20,23-May-2016,Sub5_Trial41_1,1,2,2,62.254931,True,3.775
5,41,1,m,20,23-May-2016,Sub5_Trial41_1,1,3,3,66.452027,True,3.775
5,41,1,m,20,23-May-2016,Sub5_Trial41_1,1,4,4,-23.393326000000002,True,3.775
5,41,1,m,20,23-May-2016,Sub5_Trial41_1,1,5,5,40.745022,True,3.775
5,41,1,m,20,23-May-2016,Sub5_Trial41_1,1,6,6,-77.855547,True,3.775
5,42,1,m,20,23-May-2016,Sub5_Trial42_0,0,0,0,13.159500999999999,True,0.864
5,42,1,m,20,23-May-2016,Sub5_Trial42_0,0,1,1,-3.2595209999999994,True,0.864
5,42,1,m,20,23-May-2016,Sub5_Trial42_0,0,2,2,-65.145942,True,0.864
5,42,1,m,20,23-May-2016,Sub5_Trial42_0,0,3,3,3.1085969999999996,True,0.864
5,42,1,m,20,23-May-2016,Sub5_Trial42_0,0,4,4,8.863332,True,0.864
5,42,1,m,20,23-May-2016,Sub5_Trial42_0,0,5,5,11.413725,True,0.864
5,42,1,m,20,23-May-2016,Sub5_Trial42_0,0,6,6,-50.654803,True,0.864
5,42,1,m,20,23-May-2016,Sub5_Trial42_1,1,0,0,76.711825,False,0.864
5,42,1,m,20,23-May-2016,Sub5_Trial42_1,1,1,1,1.498187999999999,False,0.864
5,42,1,m,20,23-May-2016,Sub5_Trial42_1,1,2,2,13.007255,False,0.864
5,42,1,m,20,23-May-2016,Sub5_Trial42_1,1,3,3,-85.931007,False,0.864
5,42,1,m,20,23-May-2016,Sub5_Trial42_1,1,4,4,-104.686894,False,0.864
5,42,1,m,20,23-May-2016,Sub5_Trial42_1,1,5,5,53.550378,False,0.864
5,42,1,m,20,23-May-2016,Sub5_Trial42_1,1,6,6,-111.922102,False,0.864
5,43,1,m,20,23-May-2016,Sub5_Trial43_0,0,0,0,-26.383209,False,1.132
5,43,1,m,20,23-May-2016,Sub5_Trial43_0,0,1,1,-83.741355,False,1.132
5,43,1,m,20,23-May-2016,Sub5_Trial43_0,0,2,2,-41.63509,False,1.132
5,43,1,m,20,23-May-2016,Sub5_Trial43_0,0,3,3,9.82273,False,1.132
5,43,1,m,20,23-May-2016,Sub5_Trial43_0,0,4,4,-8.767828000000002,False,1.132
5,43,1,m,20,23-May-2016,Sub5_Trial43_0,0,5,5,68.43195,False,1.132
5,43,1,m,20,23-May-2016,Sub5_Trial43_0,0,6,6,-78.353877,False,1.132
5,43,1,m,20,23-May-2016,Sub5_Trial43_1,1,0,0,56.565650000000005,True,1.132
5,43,1,m,20,23-May-2016,Sub5_Trial43_1,1,1,1,105.570887,True,1.132
5,43,1,m,20,23-May-2016,Sub5_Trial43_1,1,2,2,107.707912,True,1.132
5,43,1,m,20,23-May-2016,Sub5_Trial43_1,1,3,3,31.421001000000004,True,1.132
5,43,1,m,20,23-May-2016,Sub5_Trial43_1,1,4,4,-42.584369,True,1.132
5,43,1,m,20,23-May-2016,Sub5_Trial43_1,1,5,5,55.423176,True,1.132
5,43,1,m,20,23-May-2016,Sub5_Trial43_1,1,6,6,33.917267,True,1.132
5,44,1,m,20,23-May-2016,Sub5_Trial44_0,0,0,0,23.35226,False,0.815
5,44,1,m,20,23-May-2016,Sub5_Trial44_0,0,1,1,-11.713416000000002,False,0.815
5,44,1,m,20,23-May-2016,Sub5_Trial44_0,0,2,2,57.943827,False,0.815
5,44,1,m,20,23-May-2016,Sub5_Trial44_0,0,3,3,-82.275993,False,0.815
5,44,1,m,20,23-May-2016,Sub5_Trial44_0,0,4,4,-45.25838400000001,False,0.815
5,44,1,m,20,23-May-2016,Sub5_Trial44_0,0,5,5,-89.495676,False,0.815
5,44,1,m,20,23-May-2016,Sub5_Trial44_0,0,6,6,-100.398626,False,0.815
5,44,1,m,20,23-May-2016,Sub5_Trial44_1,1,0,0,-18.415673,True,0.815
5,44,1,m,20,23-May-2016,Sub5_Trial44_1,1,1,1,-18.587273,True,0.815
5,44,1,m,20,23-May-2016,Sub5_Trial44_1,1,2,2,63.070362,True,0.815
5,44,1,m,20,23-May-2016,Sub5_Trial44_1,1,3,3,36.110255,True,0.815
5,44,1,m,20,23-May-2016,Sub5_Trial44_1,1,4,4,28.537549,True,0.815
5,44,1,m,20,23-May-2016,Sub5_Trial44_1,1,5,5,52.033514999999994,True,0.815
5,44,1,m,20,23-May-2016,Sub5_Trial44_1,1,6,6,65.0133,True,0.815
5,45,1,m,20,23-May-2016,Sub5_Trial45_0,0,0,0,-28.841823000000005,True,1.762
5,45,1,m,20,23-May-2016,Sub5_Trial45_0,0,1,1,34.091273,True,1.762
5,45,1,m,20,23-May-2016,Sub5_Trial45_0,0,2,2,-17.339362,True,1.762
5,45,1,m,20,23-May-2016,Sub5_Trial45_0,0,3,3,-24.979709999999997,True,1.762
5,45,1,m,20,23-May-2016,Sub5_Trial45_0,0,4,4,3.629066999999999,True,1.762
5,45,1,m,20,23-May-2016,Sub5_Trial45_0,0,5,5,-86.18667,True,1.762
5,45,1,m,20,23-May-2016,Sub5_Trial45_0,0,6,6,87.480531,True,1.762
5,45,1,m,20,23-May-2016,Sub5_Trial45_1,1,0,0,54.160912999999994,False,1.762
5,45,1,m,20,23-May-2016,Sub5_Trial45_1,1,1,1,22.393037,False,1.762
5,45,1,m,20,23-May-2016,Sub5_Trial45_1,1,2,2,96.312294,False,1.762
5,45,1,m,20,23-May-2016,Sub5_Trial45_1,1,3,3,5.376353000000002,False,1.762
5,45,1,m,20,23-May-2016,Sub5_Trial45_1,1,4,4,-29.843019,False,1.762
5,45,1,m,20,23-May-2016,Sub5_Trial45_1,1,5,5,-73.033794,False,1.762
5,45,1,m,20,23-May-2016,Sub5_Trial45_1,1,6,6,9.202528999999998,False,1.762
5,46,1,m,20,23-May-2016,Sub5_Trial46_0,0,0,0,18.239508999999998,True,1.924
5,46,1,m,20,23-May-2016,Sub5_Trial46_0,0,1,1,-37.086764,True,1.924
5,46,1,m,20,23-May-2016,Sub5_Trial46_0,0,2,2,37.233936,True,1.924
5,46,1,m,20,23-May-2016,Sub5_Trial46_0,0,3,3,56.753895,True,1.924
5,46,1,m,20,23-May-2016,Sub5_Trial46_0,0,4,4,-44.26902,True,1.924
5,46,1,m,20,23-May-2016,Sub5_Trial46_0,0,5,5,113.13808499999999,True,1.924
5,46,1,m,20,23-May-2016,Sub5_Trial46_0,0,6,6,-21.702054,True,1.924
5,46,1,m,20,23-May-2016,Sub5_Trial46_1,1,0,0,-10.454881,False,1.924
5,46,1,m,20,23-May-2016,Sub5_Trial46_1,1,1,1,42.710337,False,1.924
5,46,1,m,20,23-May-2016,Sub5_Trial46_1,1,2,2,1.092960999999999,False,1.924
5,46,1,m,20,23-May-2016,Sub5_Trial46_1,1,3,3,-129.479562,False,1.924
5,46,1,m,20,23-May-2016,Sub5_Trial46_1,1,4,4,25.909138,False,1.924
5,46,1,m,20,23-May-2016,Sub5_Trial46_1,1,5,5,-7.0361340000000006,False,1.924
5,46,1,m,20,23-May-2016,Sub5_Trial46_1,1,6,6,-31.699444,False,1.924
5,47,1,m,20,23-May-2016,Sub5_Trial47_0,0,0,0,-75.686579,True,1.025
5,47,1,m,20,23-May-2016,Sub5_Trial47_0,0,1,1,11.755581,True,1.025
5,47,1,m,20,23-May-2016,Sub5_Trial47_0,0,2,2,94.88138,True,1.025
5,47,1,m,20,23-May-2016,Sub5_Trial47_0,0,3,3,-27.077318,True,1.025
5,47,1,m,20,23-May-2016,Sub5_Trial47_0,0,4,4,-67.527309,True,1.025
5,47,1,m,20,23-May-2016,Sub5_Trial47_0,0,5,5,-87.370325,True,1.025
5,47,1,m,20,23-May-2016,Sub5_Trial47_0,0,6,6,-50.422546,True,1.025
5,47,1,m,20,23-May-2016,Sub5_Trial47_1,1,0,0,-32.057852,False,1.025
5,47,1,m,20,23-May-2016,Sub5_Trial47_1,1,1,1,9.274902,False,1.025
5,47,1,m,20,23-May-2016,Sub5_Trial47_1,1,2,2,-115.187218,False,1.025
5,47,1,m,20,23-May-2016,Sub5_Trial47_1,1,3,3,63.782058,False,1.025
5,47,1,m,20,23-May-2016,Sub5_Trial47_1,1,4,4,-0.986701,False,1.025
5,47,1,m,20,23-May-2016,Sub5_Trial47_1,1,5,5,-53.230046,False,1.025
5,47,1,m,20,23-May-2016,Sub5_Trial47_1,1,6,6,35.192921,False,1.025
5,48,1,m,20,23-May-2016,Sub5_Trial48_0,0,0,0,-147.013519,False,0.889
5,48,1,m,20,23-May-2016,Sub5_Trial48_0,0,1,1,-32.298669,False,0.889
5,48,1,m,20,23-May-2016,Sub5_Trial48_0,0,2,2,97.558782,False,0.889
5,48,1,m,20,23-May-2016,Sub5_Trial48_0,0,3,3,11.431831,False,0.889
5,48,1,m,20,23-May-2016,Sub5_Trial48_0,0,4,4,-74.702674,False,0.889
5,48,1,m,20,23-May-2016,Sub5_Trial48_0,0,5,5,11.49389,False,0.889
5,48,1,m,20,23-May-2016,Sub5_Trial48_0,0,6,6,80.93155,False,0.889
5,48,1,m,20,23-May-2016,Sub5_Trial48_1,1,0,0,-14.904838,True,0.889
5,48,1,m,20,23-May-2016,Sub5_Trial48_1,1,1,1,-72.659123,True,0.889
5,48,1,m,20,23-May-2016,Sub5_Trial48_1,1,2,2,-6.407819,True,0.889
5,48,1,m,20,23-May-2016,Sub5_Trial48_1,1,3,3,-24.605013,True,0.889
5,48,1,m,20,23-May-2016,Sub5_Trial48_1,1,4,4,21.591149,True,0.889
5,48,1,m,20,23-May-2016,Sub5_Trial48_1,1,5,5,-9.753527,True,0.889
5,48,1,m,20,23-May-2016,Sub5_Trial48_1,1,6,6,131.957861,True,0.889
5,49,1,m,20,23-May-2016,Sub5_Trial49_0,0,0,0,-50.743701,True,0.895
5,49,1,m,20,23-May-2016,Sub5_Trial49_0,0,1,1,-136.67753,True,0.895
5,49,1,m,20,23-May-2016,Sub5_Trial49_0,0,2,2,-128.267063,True,0.895
5,49,1,m,20,23-May-2016,Sub5_Trial49_0,0,3,3,-28.110873,True,0.895
5,49,1,m,20,23-May-2016,Sub5_Trial49_0,0,4,4,-22.485025,True,0.895
5,49,1,m,20,23-May-2016,Sub5_Trial49_0,0,5,5,33.161037,True,0.895
5,49,1,m,20,23-May-2016,Sub5_Trial49_0,0,6,6,100.946361,True,0.895
5,49,1,m,20,23-May-2016,Sub5_Trial49_1,1,0,0,-63.75053700000001,False,0.895
5,49,1,m,20,23-May-2016,Sub5_Trial49_1,1,1,1,89.301261,False,0.895
5,49,1,m,20,23-May-2016,Sub5_Trial49_1,1,2,2,-3.524083000000001,False,0.895
5,49,1,m,20,23-May-2016,Sub5_Trial49_1,1,3,3,-0.8205950000000009,False,0.895
5,49,1,m,20,23-May-2016,Sub5_Trial49_1,1,4,4,77.966166,False,0.895
5,49,1,m,20,23-May-2016,Sub5_Trial49_1,1,5,5,-5.441761,False,0.895
5,49,1,m,20,23-May-2016,Sub5_Trial49_1,1,6,6,-41.272482,False,0.895
5,50,1,m,20,23-May-2016,Sub5_Trial50_0,0,0,0,119.770716,False,2.356
5,50,1,m,20,23-May-2016,Sub5_Trial50_0,0,1,1,140.975753,False,2.356
5,50,1,m,20,23-May-2016,Sub5_Trial50_0,0,2,2,-17.322939000000005,False,2.356
5,50,1,m,20,23-May-2016,Sub5_Trial50_0,0,3,3,60.431618,False,2.356
5,50,1,m,20,23-May-2016,Sub5_Trial50_0,0,4,4,2.440836000000001,False,2.356
5,50,1,m,20,23-May-2016,Sub5_Trial50_0,0,5,5,17.700821,False,2.356
5,50,1,m,20,23-May-2016,Sub5_Trial50_0,0,6,6,-5.26942,False,2.356
5,50,1,m,20,23-May-2016,Sub5_Trial50_1,1,0,0,-10.409056,True,2.356
5,50,1,m,20,23-May-2016,Sub5_Trial50_1,1,1,1,-70.433936,True,2.356
5,50,1,m,20,23-May-2016,Sub5_Trial50_1,1,2,2,-27.829196,True,2.356
5,50,1,m,20,23-May-2016,Sub5_Trial50_1,1,3,3,-14.229684,True,2.356
5,50,1,m,20,23-May-2016,Sub5_Trial50_1,1,4,4,-47.86135,True,2.356
5,50,1,m,20,23-May-2016,Sub5_Trial50_1,1,5,5,-8.261124,True,2.356
5,50,1,m,20,23-May-2016,Sub5_Trial50_1,1,6,6,-49.3424,True,2.356
5,51,1,m,20,23-May-2016,Sub5_Trial51_0,0,0,0,-106.458911,True,1.088
5,51,1,m,20,23-May-2016,Sub5_Trial51_0,0,1,1,24.127635999999995,True,1.088
5,51,1,m,20,23-May-2016,Sub5_Trial51_0,0,2,2,-132.434572,True,1.088
5,51,1,m,20,23-May-2016,Sub5_Trial51_0,0,3,3,-21.027884,True,1.088
5,51,1,m,20,23-May-2016,Sub5_Trial51_0,0,4,4,-6.047060999999999,True,1.088
5,51,1,m,20,23-May-2016,Sub5_Trial51_0,0,5,5,25.930549,True,1.088
5,51,1,m,20,23-May-2016,Sub5_Trial51_0,0,6,6,-76.942271,True,1.088
5,51,1,m,20,23-May-2016,Sub5_Trial51_1,1,0,0,69.177581,False,1.088
5,51,1,m,20,23-May-2016,Sub5_Trial51_1,1,1,1,19.823922,False,1.088
5,51,1,m,20,23-May-2016,Sub5_Trial51_1,1,2,2,23.541424,False,1.088
5,51,1,m,20,23-May-2016,Sub5_Trial51_1,1,3,3,-101.488449,False,1.088
5,51,1,m,20,23-May-2016,Sub5_Trial51_1,1,4,4,-6.525551,False,1.088
5,51,1,m,20,23-May-2016,Sub5_Trial51_1,1,5,5,-32.623322,False,1.088
5,51,1,m,20,23-May-2016,Sub5_Trial51_1,1,6,6,85.61636,False,1.088
5,52,1,m,20,23-May-2016,Sub5_Trial52_0,0,0,0,1.2258059999999986,True,1.002
5,52,1,m,20,23-May-2016,Sub5_Trial52_0,0,1,1,-96.334608,True,1.002
5,52,1,m,20,23-May-2016,Sub5_Trial52_0,0,2,2,56.11293499999999,True,1.002
5,52,1,m,20,23-May-2016,Sub5_Trial52_0,0,3,3,9.134362,True,1.002
5,52,1,m,20,23-May-2016,Sub5_Trial52_0,0,4,4,-21.756723,True,1.002
5,52,1,m,20,23-May-2016,Sub5_Trial52_0,0,5,5,-27.110031,True,1.002
5,52,1,m,20,23-May-2016,Sub5_Trial52_0,0,6,6,-116.061806,True,1.002
5,52,1,m,20,23-May-2016,Sub5_Trial52_1,1,0,0,70.959529,False,1.002
5,52,1,m,20,23-May-2016,Sub5_Trial52_1,1,1,1,-134.226922,False,1.002
5,52,1,m,20,23-May-2016,Sub5_Trial52_1,1,2,2,103.722069,False,1.002
5,52,1,m,20,23-May-2016,Sub5_Trial52_1,1,3,3,-20.279786,False,1.002
5,52,1,m,20,23-May-2016,Sub5_Trial52_1,1,4,4,-18.210966,False,1.002
5,52,1,m,20,23-May-2016,Sub5_Trial52_1,1,5,5,-122.24355,False,1.002
5,52,1,m,20,23-May-2016,Sub5_Trial52_1,1,6,6,9.701421,False,1.002
5,53,1,m,20,23-May-2016,Sub5_Trial53_0,0,0,0,44.407371,True,1.282
5,53,1,m,20,23-May-2016,Sub5_Trial53_0,0,1,1,52.384729,True,1.282
5,53,1,m,20,23-May-2016,Sub5_Trial53_0,0,2,2,18.82377,True,1.282
5,53,1,m,20,23-May-2016,Sub5_Trial53_0,0,3,3,35.394101,True,1.282
5,53,1,m,20,23-May-2016,Sub5_Trial53_0,0,4,4,13.849167,True,1.282
5,53,1,m,20,23-May-2016,Sub5_Trial53_0,0,5,5,-5.971384999999998,True,1.282
5,53,1,m,20,23-May-2016,Sub5_Trial53_0,0,6,6,-8.170388000000003,True,1.282
5,53,1,m,20,23-May-2016,Sub5_Trial53_1,1,0,0,-142.924868,False,1.282
5,53,1,m,20,23-May-2016,Sub5_Trial53_1,1,1,1,-56.835463,False,1.282
5,53,1,m,20,23-May-2016,Sub5_Trial53_1,1,2,2,-84.36272,False,1.282
5,53,1,m,20,23-May-2016,Sub5_Trial53_1,1,3,3,45.57758799999999,False,1.282
5,53,1,m,20,23-May-2016,Sub5_Trial53_1,1,4,4,-45.002744,False,1.282
5,53,1,m,20,23-May-2016,Sub5_Trial53_1,1,5,5,-86.719757,False,1.282
5,53,1,m,20,23-May-2016,Sub5_Trial53_1,1,6,6,113.456131,False,1.282
5,54,1,m,20,23-May-2016,Sub5_Trial54_0,0,0,0,89.918423,True,0.911
5,54,1,m,20,23-May-2016,Sub5_Trial54_0,0,1,1,-86.066954,True,0.911
5,54,1,m,20,23-May-2016,Sub5_Trial54_0,0,2,2,14.760217,True,0.911
5,54,1,m,20,23-May-2016,Sub5_Trial54_0,0,3,3,25.45363,True,0.911
5,54,1,m,20,23-May-2016,Sub5_Trial54_0,0,4,4,58.569287,True,0.911
5,54,1,m,20,23-May-2016,Sub5_Trial54_0,0,5,5,21.536571,True,0.911
5,54,1,m,20,23-May-2016,Sub5_Trial54_0,0,6,6,100.397211,True,0.911
5,54,1,m,20,23-May-2016,Sub5_Trial54_1,1,0,0,54.301282,False,0.911
5,54,1,m,20,23-May-2016,Sub5_Trial54_1,1,1,1,14.300778000000001,False,0.911
5,54,1,m,20,23-May-2016,Sub5_Trial54_1,1,2,2,39.222023,False,0.911
5,54,1,m,20,23-May-2016,Sub5_Trial54_1,1,3,3,65.566723,False,0.911
5,54,1,m,20,23-May-2016,Sub5_Trial54_1,1,4,4,-46.154038,False,0.911
5,54,1,m,20,23-May-2016,Sub5_Trial54_1,1,5,5,-104.08621,False,0.911
5,54,1,m,20,23-May-2016,Sub5_Trial54_1,1,6,6,-6.324629,False,0.911
5,55,1,m,20,23-May-2016,Sub5_Trial55_0,0,0,0,33.651614,False,1.467
5,55,1,m,20,23-May-2016,Sub5_Trial55_0,0,1,1,34.708075,False,1.467
5,55,1,m,20,23-May-2016,Sub5_Trial55_0,0,2,2,-0.13975599999999844,False,1.467
5,55,1,m,20,23-May-2016,Sub5_Trial55_0,0,3,3,99.056641,False,1.467
5,55,1,m,20,23-May-2016,Sub5_Trial55_0,0,4,4,-28.776489999999995,False,1.467
5,55,1,m,20,23-May-2016,Sub5_Trial55_0,0,5,5,-45.760693,False,1.467
5,55,1,m,20,23-May-2016,Sub5_Trial55_0,0,6,6,65.346223,False,1.467
5,55,1,m,20,23-May-2016,Sub5_Trial55_1,1,0,0,-65.941196,True,1.467
5,55,1,m,20,23-May-2016,Sub5_Trial55_1,1,1,1,-13.510841,True,1.467
5,55,1,m,20,23-May-2016,Sub5_Trial55_1,1,2,2,-8.439671,True,1.467
5,55,1,m,20,23-May-2016,Sub5_Trial55_1,1,3,3,20.799491000000003,True,1.467
5,55,1,m,20,23-May-2016,Sub5_Trial55_1,1,4,4,-5.609888999999999,True,1.467
5,55,1,m,20,23-May-2016,Sub5_Trial55_1,1,5,5,-31.455334,True,1.467
5,55,1,m,20,23-May-2016,Sub5_Trial55_1,1,6,6,20.693928999999997,True,1.467
5,56,1,m,20,23-May-2016,Sub5_Trial56_0,0,0,0,-9.319918999999999,False,1.149
5,56,1,m,20,23-May-2016,Sub5_Trial56_0,0,1,1,78.287161,False,1.149
5,56,1,m,20,23-May-2016,Sub5_Trial56_0,0,2,2,-30.914496,False,1.149
5,56,1,m,20,23-May-2016,Sub5_Trial56_0,0,3,3,148.622202,False,1.149
5,56,1,m,20,23-May-2016,Sub5_Trial56_0,0,4,4,-22.835606999999996,False,1.149
5,56,1,m,20,23-May-2016,Sub5_Trial56_0,0,5,5,-78.745303,False,1.149
5,56,1,m,20,23-May-2016,Sub5_Trial56_0,0,6,6,-10.628106000000002,False,1.149
5,56,1,m,20,23-May-2016,Sub5_Trial56_1,1,0,0,22.082015999999996,True,1.149
5,56,1,m,20,23-May-2016,Sub5_Trial56_1,1,1,1,-149.712264,True,1.149
5,56,1,m,20,23-May-2016,Sub5_Trial56_1,1,2,2,-52.677857,True,1.149
5,56,1,m,20,23-May-2016,Sub5_Trial56_1,1,3,3,113.618998,True,1.149
5,56,1,m,20,23-May-2016,Sub5_Trial56_1,1,4,4,-18.551203,True,1.149
5,56,1,m,20,23-May-2016,Sub5_Trial56_1,1,5,5,-44.840085,True,1.149
5,56,1,m,20,23-May-2016,Sub5_Trial56_1,1,6,6,36.908742,True,1.149
5,57,1,m,20,23-May-2016,Sub5_Trial57_0,0,0,0,14.202248,True,0.841
5,57,1,m,20,23-May-2016,Sub5_Trial57_0,0,1,1,-4.365265999999998,True,0.841
5,57,1,m,20,23-May-2016,Sub5_Trial57_0,0,2,2,-70.233396,True,0.841
5,57,1,m,20,23-May-2016,Sub5_Trial57_0,0,3,3,-115.577844,True,0.841
5,57,1,m,20,23-May-2016,Sub5_Trial57_0,0,4,4,-98.793858,True,0.841
5,57,1,m,20,23-May-2016,Sub5_Trial57_0,0,5,5,71.841744,True,0.841
5,57,1,m,20,23-May-2016,Sub5_Trial57_0,0,6,6,30.198701,True,0.841
5,57,1,m,20,23-May-2016,Sub5_Trial57_1,1,0,0,4.731895999999999,False,0.841
5,57,1,m,20,23-May-2016,Sub5_Trial57_1,1,1,1,31.029932000000002,False,0.841
5,57,1,m,20,23-May-2016,Sub5_Trial57_1,1,2,2,-72.14048,False,0.841
5,57,1,m,20,23-May-2016,Sub5_Trial57_1,1,3,3,37.534713,False,0.841
5,57,1,m,20,23-May-2016,Sub5_Trial57_1,1,4,4,7.338273999999998,False,0.841
5,57,1,m,20,23-May-2016,Sub5_Trial57_1,1,5,5,2.1464350000000003,False,0.841
5,57,1,m,20,23-May-2016,Sub5_Trial57_1,1,6,6,-139.747231,False,0.841
5,58,1,m,20,23-May-2016,Sub5_Trial58_0,0,0,0,-118.439742,False,2.228
5,58,1,m,20,23-May-2016,Sub5_Trial58_0,0,1,1,7.373846999999998,False,2.228
5,58,1,m,20,23-May-2016,Sub5_Trial58_0,0,2,2,-44.861975,False,2.228
5,58,1,m,20,23-May-2016,Sub5_Trial58_0,0,3,3,-63.425349,False,2.228
5,58,1,m,20,23-May-2016,Sub5_Trial58_0,0,4,4,-93.941511,False,2.228
5,58,1,m,20,23-May-2016,Sub5_Trial58_0,0,5,5,85.764499,False,2.228
5,58,1,m,20,23-May-2016,Sub5_Trial58_0,0,6,6,63.04203100000001,False,2.228
5,58,1,m,20,23-May-2016,Sub5_Trial58_1,1,0,0,73.345303,True,2.228
5,58,1,m,20,23-May-2016,Sub5_Trial58_1,1,1,1,-4.146750000000001,True,2.228
5,58,1,m,20,23-May-2016,Sub5_Trial58_1,1,2,2,35.65246,True,2.228
5,58,1,m,20,23-May-2016,Sub5_Trial58_1,1,3,3,-18.196517,True,2.228
5,58,1,m,20,23-May-2016,Sub5_Trial58_1,1,4,4,57.67656,True,2.228
5,58,1,m,20,23-May-2016,Sub5_Trial58_1,1,5,5,54.991925,True,2.228
5,58,1,m,20,23-May-2016,Sub5_Trial58_1,1,6,6,38.121497,True,2.228
5,59,1,m,20,23-May-2016,Sub5_Trial59_0,0,0,0,8.869053,False,1.147
5,59,1,m,20,23-May-2016,Sub5_Trial59_0,0,1,1,-109.61948699999999,False,1.147
5,59,1,m,20,23-May-2016,Sub5_Trial59_0,0,2,2,-87.763052,False,1.147
5,59,1,m,20,23-May-2016,Sub5_Trial59_0,0,3,3,36.214925,False,1.147
5,59,1,m,20,23-May-2016,Sub5_Trial59_0,0,4,4,32.435948,False,1.147
5,59,1,m,20,23-May-2016,Sub5_Trial59_0,0,5,5,-64.493344,False,1.147
5,59,1,m,20,23-May-2016,Sub5_Trial59_0,0,6,6,-139.498403,False,1.147
5,59,1,m,20,23-May-2016,Sub5_Trial59_1,1,0,0,28.424617999999995,True,1.147
5,59,1,m,20,23-May-2016,Sub5_Trial59_1,1,1,1,103.789919,True,1.147
5,59,1,m,20,23-May-2016,Sub5_Trial59_1,1,2,2,-21.0898,True,1.147
5,59,1,m,20,23-May-2016,Sub5_Trial59_1,1,3,3,-89.18027,True,1.147
5,59,1,m,20,23-May-2016,Sub5_Trial59_1,1,4,4,100.597491,True,1.147
5,59,1,m,20,23-May-2016,Sub5_Trial59_1,1,5,5,133.270517,True,1.147
5,59,1,m,20,23-May-2016,Sub5_Trial59_1,1,6,6,47.523236999999995,True,1.147
5,60,1,m,20,23-May-2016,Sub5_Trial60_0,0,0,0,-80.611393,True,1.5
5,60,1,m,20,23-May-2016,Sub5_Trial60_0,0,1,1,-74.946094,True,1.5
5,60,1,m,20,23-May-2016,Sub5_Trial60_0,0,2,2,128.509552,True,1.5
5,60,1,m,20,23-May-2016,Sub5_Trial60_0,0,3,3,-61.176845,True,1.5
5,60,1,m,20,23-May-2016,Sub5_Trial60_0,0,4,4,29.725374000000002,True,1.5
5,60,1,m,20,23-May-2016,Sub5_Trial60_0,0,5,5,-81.386809,True,1.5
5,60,1,m,20,23-May-2016,Sub5_Trial60_0,0,6,6,9.662210000000002,True,1.5
5,60,1,m,20,23-May-2016,Sub5_Trial60_1,1,0,0,2.4465210000000006,False,1.5
5,60,1,m,20,23-May-2016,Sub5_Trial60_1,1,1,1,-16.805330999999995,False,1.5
5,60,1,m,20,23-May-2016,Sub5_Trial60_1,1,2,2,-58.312839,False,1.5
5,60,1,m,20,23-May-2016,Sub5_Trial60_1,1,3,3,64.407068,False,1.5
5,60,1,m,20,23-May-2016,Sub5_Trial60_1,1,4,4,-24.281881999999996,False,1.5
5,60,1,m,20,23-May-2016,Sub5_Trial60_1,1,5,5,-105.33883,False,1.5
5,60,1,m,20,23-May-2016,Sub5_Trial60_1,1,6,6,17.193694,False,1.5
5,61,1,m,20,23-May-2016,Sub5_Trial61_0,0,0,0,1.9614030000000007,False,1.562
5,61,1,m,20,23-May-2016,Sub5_Trial61_0,0,1,1,60.396464,False,1.562
5,61,1,m,20,23-May-2016,Sub5_Trial61_0,0,2,2,89.000428,False,1.562
5,61,1,m,20,23-May-2016,Sub5_Trial61_0,0,3,3,133.710725,False,1.562
5,61,1,m,20,23-May-2016,Sub5_Trial61_0,0,4,4,-88.924476,False,1.562
5,61,1,m,20,23-May-2016,Sub5_Trial61_0,0,5,5,-41.594135,False,1.562
5,61,1,m,20,23-May-2016,Sub5_Trial61_0,0,6,6,-114.70467100000002,False,1.562
5,61,1,m,20,23-May-2016,Sub5_Trial61_1,1,0,0,-27.957574,True,1.562
5,61,1,m,20,23-May-2016,Sub5_Trial61_1,1,1,1,-52.2871,True,1.562
5,61,1,m,20,23-May-2016,Sub5_Trial61_1,1,2,2,-92.930661,True,1.562
5,61,1,m,20,23-May-2016,Sub5_Trial61_1,1,3,3,11.660775000000001,True,1.562
5,61,1,m,20,23-May-2016,Sub5_Trial61_1,1,4,4,6.488061000000002,True,1.562
5,61,1,m,20,23-May-2016,Sub5_Trial61_1,1,5,5,-46.017213,True,1.562
5,61,1,m,20,23-May-2016,Sub5_Trial61_1,1,6,6,-58.434203,True,1.562
5,62,1,m,20,23-May-2016,Sub5_Trial62_0,0,0,0,-13.074433,True,1.671
5,62,1,m,20,23-May-2016,Sub5_Trial62_0,0,1,1,9.303583,True,1.671
5,62,1,m,20,23-May-2016,Sub5_Trial62_0,0,2,2,-78.126166,True,1.671
5,62,1,m,20,23-May-2016,Sub5_Trial62_0,0,3,3,90.624126,True,1.671
5,62,1,m,20,23-May-2016,Sub5_Trial62_0,0,4,4,-22.912478,True,1.671
5,62,1,m,20,23-May-2016,Sub5_Trial62_0,0,5,5,72.338715,True,1.671
5,62,1,m,20,23-May-2016,Sub5_Trial62_0,0,6,6,62.955562,True,1.671
5,62,1,m,20,23-May-2016,Sub5_Trial62_1,1,0,0,-20.372946999999996,False,1.671
5,62,1,m,20,23-May-2016,Sub5_Trial62_1,1,1,1,-73.829871,False,1.671
5,62,1,m,20,23-May-2016,Sub5_Trial62_1,1,2,2,77.926348,False,1.671
5,62,1,m,20,23-May-2016,Sub5_Trial62_1,1,3,3,23.692175,False,1.671
5,62,1,m,20,23-May-2016,Sub5_Trial62_1,1,4,4,-87.576343,False,1.671
5,62,1,m,20,23-May-2016,Sub5_Trial62_1,1,5,5,-42.309358,False,1.671
5,62,1,m,20,23-May-2016,Sub5_Trial62_1,1,6,6,-60.178864000000004,False,1.671
5,63,1,m,20,23-May-2016,Sub5_Trial63_0,0,0,0,-46.194649,True,1.592
5,63,1,m,20,23-May-2016,Sub5_Trial63_0,0,1,1,72.379165,True,1.592
5,63,1,m,20,23-May-2016,Sub5_Trial63_0,0,2,2,56.761274,True,1.592
5,63,1,m,20,23-May-2016,Sub5_Trial63_0,0,3,3,-39.044987,True,1.592
5,63,1,m,20,23-May-2016,Sub5_Trial63_0,0,4,4,-41.588329,True,1.592
5,63,1,m,20,23-May-2016,Sub5_Trial63_0,0,5,5,-15.678128000000001,True,1.592
5,63,1,m,20,23-May-2016,Sub5_Trial63_0,0,6,6,49.289851,True,1.592
5,63,1,m,20,23-May-2016,Sub5_Trial63_1,1,0,0,10.333233,False,1.592
5,63,1,m,20,23-May-2016,Sub5_Trial63_1,1,1,1,-87.443517,False,1.592
5,63,1,m,20,23-May-2016,Sub5_Trial63_1,1,2,2,54.793672,False,1.592
5,63,1,m,20,23-May-2016,Sub5_Trial63_1,1,3,3,72.135085,False,1.592
5,63,1,m,20,23-May-2016,Sub5_Trial63_1,1,4,4,-69.075805,False,1.592
5,63,1,m,20,23-May-2016,Sub5_Trial63_1,1,5,5,-88.27911,False,1.592
5,63,1,m,20,23-May-2016,Sub5_Trial63_1,1,6,6,66.830361,False,1.592
5,64,1,m,20,23-May-2016,Sub5_Trial64_0,0,0,0,-72.736455,True,0.968
5,64,1,m,20,23-May-2016,Sub5_Trial64_0,0,1,1,-7.531113000000001,True,0.968
5,64,1,m,20,23-May-2016,Sub5_Trial64_0,0,2,2,90.068216,True,0.968
5,64,1,m,20,23-May-2016,Sub5_Trial64_0,0,3,3,1.0509009999999996,True,0.968
5,64,1,m,20,23-May-2016,Sub5_Trial64_0,0,4,4,31.615777,True,0.968
5,64,1,m,20,23-May-2016,Sub5_Trial64_0,0,5,5,27.196114,True,0.968
5,64,1,m,20,23-May-2016,Sub5_Trial64_0,0,6,6,-90.056817,True,0.968
5,64,1,m,20,23-May-2016,Sub5_Trial64_1,1,0,0,-41.460715,False,0.968
5,64,1,m,20,23-May-2016,Sub5_Trial64_1,1,1,1,41.635006,False,0.968
5,64,1,m,20,23-May-2016,Sub5_Trial64_1,1,2,2,44.725663,False,0.968
5,64,1,m,20,23-May-2016,Sub5_Trial64_1,1,3,3,60.157083,False,0.968
5,64,1,m,20,23-May-2016,Sub5_Trial64_1,1,4,4,-90.716934,False,0.968
5,64,1,m,20,23-May-2016,Sub5_Trial64_1,1,5,5,-30.987226,False,0.968
5,64,1,m,20,23-May-2016,Sub5_Trial64_1,1,6,6,-51.147069,False,0.968
5,65,1,m,20,23-May-2016,Sub5_Trial65_0,0,0,0,-97.78207,True,0.766
5,65,1,m,20,23-May-2016,Sub5_Trial65_0,0,1,1,96.463777,True,0.766
5,65,1,m,20,23-May-2016,Sub5_Trial65_0,0,2,2,-9.829008,True,0.766
5,65,1,m,20,23-May-2016,Sub5_Trial65_0,0,3,3,65.863398,True,0.766
5,65,1,m,20,23-May-2016,Sub5_Trial65_0,0,4,4,130.65118,True,0.766
5,65,1,m,20,23-May-2016,Sub5_Trial65_0,0,5,5,-35.932812,True,0.766
5,65,1,m,20,23-May-2016,Sub5_Trial65_0,0,6,6,-6.0684830000000005,True,0.766
5,65,1,m,20,23-May-2016,Sub5_Trial65_1,1,0,0,-138.693536,False,0.766
5,65,1,m,20,23-May-2016,Sub5_Trial65_1,1,1,1,32.580336,False,0.766
5,65,1,m,20,23-May-2016,Sub5_Trial65_1,1,2,2,-29.886676,False,0.766
5,65,1,m,20,23-May-2016,Sub5_Trial65_1,1,3,3,59.300386,False,0.766
5,65,1,m,20,23-May-2016,Sub5_Trial65_1,1,4,4,-40.692395,False,0.766
5,65,1,m,20,23-May-2016,Sub5_Trial65_1,1,5,5,21.923815,False,0.766
5,65,1,m,20,23-May-2016,Sub5_Trial65_1,1,6,6,-44.955945,False,0.766
5,66,1,m,20,23-May-2016,Sub5_Trial66_0,0,0,0,3.369669000000002,True,3.637
5,66,1,m,20,23-May-2016,Sub5_Trial66_0,0,1,1,-44.760518,True,3.637
5,66,1,m,20,23-May-2016,Sub5_Trial66_0,0,2,2,98.133962,True,3.637
5,66,1,m,20,23-May-2016,Sub5_Trial66_0,0,3,3,-1.7791999999999994,True,3.637
5,66,1,m,20,23-May-2016,Sub5_Trial66_0,0,4,4,36.200706,True,3.637
5,66,1,m,20,23-May-2016,Sub5_Trial66_0,0,5,5,-35.34552,True,3.637
5,66,1,m,20,23-May-2016,Sub5_Trial66_0,0,6,6,-16.186163,True,3.637
5,66,1,m,20,23-May-2016,Sub5_Trial66_1,1,0,0,32.165245,False,3.637
5,66,1,m,20,23-May-2016,Sub5_Trial66_1,1,1,1,35.422091,False,3.637
5,66,1,m,20,23-May-2016,Sub5_Trial66_1,1,2,2,2.0960420000000006,False,3.637
5,66,1,m,20,23-May-2016,Sub5_Trial66_1,1,3,3,-8.818410999999998,False,3.637
5,66,1,m,20,23-May-2016,Sub5_Trial66_1,1,4,4,-9.809227,False,3.637
5,66,1,m,20,23-May-2016,Sub5_Trial66_1,1,5,5,-6.030609999999999,False,3.637
5,66,1,m,20,23-May-2016,Sub5_Trial66_1,1,6,6,116.055486,False,3.637
5,67,1,m,20,23-May-2016,Sub5_Trial67_0,0,0,0,38.391466,True,0.714
5,67,1,m,20,23-May-2016,Sub5_Trial67_0,0,1,1,152.247786,True,0.714
5,67,1,m,20,23-May-2016,Sub5_Trial67_0,0,2,2,-65.848511,True,0.714
5,67,1,m,20,23-May-2016,Sub5_Trial67_0,0,3,3,74.252957,True,0.714
5,67,1,m,20,23-May-2016,Sub5_Trial67_0,0,4,4,36.955843,True,0.714
5,67,1,m,20,23-May-2016,Sub5_Trial67_0,0,5,5,11.364808,True,0.714
5,67,1,m,20,23-May-2016,Sub5_Trial67_0,0,6,6,77.081774,True,0.714
5,67,1,m,20,23-May-2016,Sub5_Trial67_1,1,0,0,-101.086233,False,0.714
5,67,1,m,20,23-May-2016,Sub5_Trial67_1,1,1,1,-54.524068,False,0.714
5,67,1,m,20,23-May-2016,Sub5_Trial67_1,1,2,2,30.091759,False,0.714
5,67,1,m,20,23-May-2016,Sub5_Trial67_1,1,3,3,14.038633,False,0.714
5,67,1,m,20,23-May-2016,Sub5_Trial67_1,1,4,4,58.114487,False,0.714
5,67,1,m,20,23-May-2016,Sub5_Trial67_1,1,5,5,-129.252113,False,0.714
5,67,1,m,20,23-May-2016,Sub5_Trial67_1,1,6,6,-84.53246,False,0.714
5,68,1,m,20,23-May-2016,Sub5_Trial68_0,0,0,0,16.063446,False,1.216
5,68,1,m,20,23-May-2016,Sub5_Trial68_0,0,1,1,89.457613,False,1.216
5,68,1,m,20,23-May-2016,Sub5_Trial68_0,0,2,2,-137.28852,False,1.216
5,68,1,m,20,23-May-2016,Sub5_Trial68_0,0,3,3,-91.886177,False,1.216
5,68,1,m,20,23-May-2016,Sub5_Trial68_0,0,4,4,4.885829000000001,False,1.216
5,68,1,m,20,23-May-2016,Sub5_Trial68_0,0,5,5,6.54153,False,1.216
5,68,1,m,20,23-May-2016,Sub5_Trial68_0,0,6,6,87.459933,False,1.216
5,68,1,m,20,23-May-2016,Sub5_Trial68_1,1,0,0,134.938542,True,1.216
5,68,1,m,20,23-May-2016,Sub5_Trial68_1,1,1,1,-16.840337,True,1.216
5,68,1,m,20,23-May-2016,Sub5_Trial68_1,1,2,2,-41.016783,True,1.216
5,68,1,m,20,23-May-2016,Sub5_Trial68_1,1,3,3,-10.67,True,1.216
5,68,1,m,20,23-May-2016,Sub5_Trial68_1,1,4,4,37.779859,True,1.216
5,68,1,m,20,23-May-2016,Sub5_Trial68_1,1,5,5,-17.096285,True,1.216
5,68,1,m,20,23-May-2016,Sub5_Trial68_1,1,6,6,-1.8227180000000018,True,1.216
5,69,1,m,20,23-May-2016,Sub5_Trial69_0,0,0,0,-36.025285,False,0.886
5,69,1,m,20,23-May-2016,Sub5_Trial69_0,0,1,1,22.025101,False,0.886
5,69,1,m,20,23-May-2016,Sub5_Trial69_0,0,2,2,15.051532000000002,False,0.886
5,69,1,m,20,23-May-2016,Sub5_Trial69_0,0,3,3,-57.631014,False,0.886
5,69,1,m,20,23-May-2016,Sub5_Trial69_0,0,4,4,57.982609,False,0.886
5,69,1,m,20,23-May-2016,Sub5_Trial69_0,0,5,5,-87.83967,False,0.886
5,69,1,m,20,23-May-2016,Sub5_Trial69_0,0,6,6,-0.19702799999999954,False,0.886
5,69,1,m,20,23-May-2016,Sub5_Trial69_1,1,0,0,-114.57419099999998,True,0.886
5,69,1,m,20,23-May-2016,Sub5_Trial69_1,1,1,1,-4.6854569999999995,True,0.886
5,69,1,m,20,23-May-2016,Sub5_Trial69_1,1,2,2,-41.003641,True,0.886
5,69,1,m,20,23-May-2016,Sub5_Trial69_1,1,3,3,-64.834887,True,0.886
5,69,1,m,20,23-May-2016,Sub5_Trial69_1,1,4,4,-7.474160000000001,True,0.886
5,69,1,m,20,23-May-2016,Sub5_Trial69_1,1,5,5,59.766847,True,0.886
5,69,1,m,20,23-May-2016,Sub5_Trial69_1,1,6,6,-14.032472999999996,True,0.886
5,70,1,m,20,23-May-2016,Sub5_Trial70_0,0,0,0,-39.893152,True,1.907
5,70,1,m,20,23-May-2016,Sub5_Trial70_0,0,1,1,134.93723,True,1.907
5,70,1,m,20,23-May-2016,Sub5_Trial70_0,0,2,2,-69.257512,True,1.907
5,70,1,m,20,23-May-2016,Sub5_Trial70_0,0,3,3,41.693489,True,1.907
5,70,1,m,20,23-May-2016,Sub5_Trial70_0,0,4,4,107.584085,True,1.907
5,70,1,m,20,23-May-2016,Sub5_Trial70_0,0,5,5,25.578799000000004,True,1.907
5,70,1,m,20,23-May-2016,Sub5_Trial70_0,0,6,6,-6.867964000000001,True,1.907
5,70,1,m,20,23-May-2016,Sub5_Trial70_1,1,0,0,-88.433889,False,1.907
5,70,1,m,20,23-May-2016,Sub5_Trial70_1,1,1,1,-76.197443,False,1.907
5,70,1,m,20,23-May-2016,Sub5_Trial70_1,1,2,2,33.510116,False,1.907
5,70,1,m,20,23-May-2016,Sub5_Trial70_1,1,3,3,-35.464977,False,1.907
5,70,1,m,20,23-May-2016,Sub5_Trial70_1,1,4,4,-43.683574,False,1.907
5,70,1,m,20,23-May-2016,Sub5_Trial70_1,1,5,5,-6.390504,False,1.907
5,70,1,m,20,23-May-2016,Sub5_Trial70_1,1,6,6,-46.81604,False,1.907
5,71,1,m,20,23-May-2016,Sub5_Trial71_0,0,0,0,-7.943268,True,1.145
5,71,1,m,20,23-May-2016,Sub5_Trial71_0,0,1,1,69.460259,True,1.145
5,71,1,m,20,23-May-2016,Sub5_Trial71_0,0,2,2,-148.31359,True,1.145
5,71,1,m,20,23-May-2016,Sub5_Trial71_0,0,3,3,-104.500369,True,1.145
5,71,1,m,20,23-May-2016,Sub5_Trial71_0,0,4,4,34.757917,True,1.145
5,71,1,m,20,23-May-2016,Sub5_Trial71_0,0,5,5,46.033395,True,1.145
5,71,1,m,20,23-May-2016,Sub5_Trial71_0,0,6,6,-65.571765,True,1.145
5,71,1,m,20,23-May-2016,Sub5_Trial71_1,1,0,0,70.874844,False,1.145
5,71,1,m,20,23-May-2016,Sub5_Trial71_1,1,1,1,-52.71344,False,1.145
5,71,1,m,20,23-May-2016,Sub5_Trial71_1,1,2,2,-13.9211,False,1.145
5,71,1,m,20,23-May-2016,Sub5_Trial71_1,1,3,3,40.716346,False,1.145
5,71,1,m,20,23-May-2016,Sub5_Trial71_1,1,4,4,-4.048161,False,1.145
5,71,1,m,20,23-May-2016,Sub5_Trial71_1,1,5,5,-81.884651,False,1.145
5,71,1,m,20,23-May-2016,Sub5_Trial71_1,1,6,6,116.689828,False,1.145
5,72,1,m,20,23-May-2016,Sub5_Trial72_0,0,0,0,-145.261215,True,0.833
5,72,1,m,20,23-May-2016,Sub5_Trial72_0,0,1,1,66.19209,True,0.833
5,72,1,m,20,23-May-2016,Sub5_Trial72_0,0,2,2,52.36506800000001,True,0.833
5,72,1,m,20,23-May-2016,Sub5_Trial72_0,0,3,3,-17.205931,True,0.833
5,72,1,m,20,23-May-2016,Sub5_Trial72_0,0,4,4,-104.569859,True,0.833
5,72,1,m,20,23-May-2016,Sub5_Trial72_0,0,5,5,-56.949692,True,0.833
5,72,1,m,20,23-May-2016,Sub5_Trial72_0,0,6,6,-45.308343,True,0.833
5,72,1,m,20,23-May-2016,Sub5_Trial72_1,1,0,0,-32.852811,False,0.833
5,72,1,m,20,23-May-2016,Sub5_Trial72_1,1,1,1,-56.80951,False,0.833
5,72,1,m,20,23-May-2016,Sub5_Trial72_1,1,2,2,-23.766069,False,0.833
5,72,1,m,20,23-May-2016,Sub5_Trial72_1,1,3,3,-62.80899600000001,False,0.833
5,72,1,m,20,23-May-2016,Sub5_Trial72_1,1,4,4,88.542445,False,0.833
5,72,1,m,20,23-May-2016,Sub5_Trial72_1,1,5,5,-105.557114,False,0.833
5,72,1,m,20,23-May-2016,Sub5_Trial72_1,1,6,6,-105.131604,False,0.833
5,73,1,m,20,23-May-2016,Sub5_Trial73_0,0,0,0,92.691739,True,1.31
5,73,1,m,20,23-May-2016,Sub5_Trial73_0,0,1,1,57.823772,True,1.31
5,73,1,m,20,23-May-2016,Sub5_Trial73_0,0,2,2,11.898552,True,1.31
5,73,1,m,20,23-May-2016,Sub5_Trial73_0,0,3,3,-1.9208709999999982,True,1.31
5,73,1,m,20,23-May-2016,Sub5_Trial73_0,0,4,4,-50.424406000000005,True,1.31
5,73,1,m,20,23-May-2016,Sub5_Trial73_0,0,5,5,31.05233,True,1.31
5,73,1,m,20,23-May-2016,Sub5_Trial73_0,0,6,6,-8.738267,True,1.31
5,73,1,m,20,23-May-2016,Sub5_Trial73_1,1,0,0,-61.098352,False,1.31
5,73,1,m,20,23-May-2016,Sub5_Trial73_1,1,1,1,-111.981163,False,1.31
5,73,1,m,20,23-May-2016,Sub5_Trial73_1,1,2,2,84.651754,False,1.31
5,73,1,m,20,23-May-2016,Sub5_Trial73_1,1,3,3,41.753376,False,1.31
5,73,1,m,20,23-May-2016,Sub5_Trial73_1,1,4,4,33.276324,False,1.31
5,73,1,m,20,23-May-2016,Sub5_Trial73_1,1,5,5,-6.815536999999999,False,1.31
5,73,1,m,20,23-May-2016,Sub5_Trial73_1,1,6,6,-16.090879,False,1.31
5,74,1,m,20,23-May-2016,Sub5_Trial74_0,0,0,0,-79.265079,True,1.303
5,74,1,m,20,23-May-2016,Sub5_Trial74_0,0,1,1,35.348931,True,1.303
5,74,1,m,20,23-May-2016,Sub5_Trial74_0,0,2,2,138.362041,True,1.303
5,74,1,m,20,23-May-2016,Sub5_Trial74_0,0,3,3,28.016293000000005,True,1.303
5,74,1,m,20,23-May-2016,Sub5_Trial74_0,0,4,4,-24.603844,True,1.303
5,74,1,m,20,23-May-2016,Sub5_Trial74_0,0,5,5,-48.109696,True,1.303
5,74,1,m,20,23-May-2016,Sub5_Trial74_0,0,6,6,67.582863,True,1.303
5,74,1,m,20,23-May-2016,Sub5_Trial74_1,1,0,0,120.429409,False,1.303
5,74,1,m,20,23-May-2016,Sub5_Trial74_1,1,1,1,-47.316383,False,1.303
5,74,1,m,20,23-May-2016,Sub5_Trial74_1,1,2,2,57.223046,False,1.303
5,74,1,m,20,23-May-2016,Sub5_Trial74_1,1,3,3,-34.066428,False,1.303
5,74,1,m,20,23-May-2016,Sub5_Trial74_1,1,4,4,-47.508826,False,1.303
5,74,1,m,20,23-May-2016,Sub5_Trial74_1,1,5,5,22.128603,False,1.303
5,74,1,m,20,23-May-2016,Sub5_Trial74_1,1,6,6,-70.444741,False,1.303
5,75,1,m,20,23-May-2016,Sub5_Trial75_0,0,0,0,89.425316,True,1.302
5,75,1,m,20,23-May-2016,Sub5_Trial75_0,0,1,1,-36.385805,True,1.302
5,75,1,m,20,23-May-2016,Sub5_Trial75_0,0,2,2,57.918177,True,1.302
5,75,1,m,20,23-May-2016,Sub5_Trial75_0,0,3,3,-4.395682000000001,True,1.302
5,75,1,m,20,23-May-2016,Sub5_Trial75_0,0,4,4,9.431784,True,1.302
5,75,1,m,20,23-May-2016,Sub5_Trial75_0,0,5,5,117.69823,True,1.302
5,75,1,m,20,23-May-2016,Sub5_Trial75_0,0,6,6,33.979267,True,1.302
5,75,1,m,20,23-May-2016,Sub5_Trial75_1,1,0,0,53.818394,False,1.302
5,75,1,m,20,23-May-2016,Sub5_Trial75_1,1,1,1,4.107557,False,1.302
5,75,1,m,20,23-May-2016,Sub5_Trial75_1,1,2,2,-77.838122,False,1.302
5,75,1,m,20,23-May-2016,Sub5_Trial75_1,1,3,3,-87.666326,False,1.302
5,75,1,m,20,23-May-2016,Sub5_Trial75_1,1,4,4,103.506726,False,1.302
5,75,1,m,20,23-May-2016,Sub5_Trial75_1,1,5,5,-29.360567,False,1.302
5,75,1,m,20,23-May-2016,Sub5_Trial75_1,1,6,6,-32.649415,False,1.302
5,76,1,m,20,23-May-2016,Sub5_Trial76_0,0,0,0,-30.179548,True,0.799
5,76,1,m,20,23-May-2016,Sub5_Trial76_0,0,1,1,116.54327799999999,True,0.799
5,76,1,m,20,23-May-2016,Sub5_Trial76_0,0,2,2,-132.247555,True,0.799
5,76,1,m,20,23-May-2016,Sub5_Trial76_0,0,3,3,-39.270209,True,0.799
5,76,1,m,20,23-May-2016,Sub5_Trial76_0,0,4,4,-66.222075,True,0.799
5,76,1,m,20,23-May-2016,Sub5_Trial76_0,0,5,5,32.645709,True,0.799
5,76,1,m,20,23-May-2016,Sub5_Trial76_0,0,6,6,141.397516,True,0.799
5,76,1,m,20,23-May-2016,Sub5_Trial76_1,1,0,0,132.048326,False,0.799
5,76,1,m,20,23-May-2016,Sub5_Trial76_1,1,1,1,-18.641042999999996,False,0.799
5,76,1,m,20,23-May-2016,Sub5_Trial76_1,1,2,2,-33.30762,False,0.799
5,76,1,m,20,23-May-2016,Sub5_Trial76_1,1,3,3,87.176043,False,0.799
5,76,1,m,20,23-May-2016,Sub5_Trial76_1,1,4,4,-111.17341099999999,False,0.799
5,76,1,m,20,23-May-2016,Sub5_Trial76_1,1,5,5,-15.859870999999998,False,0.799
5,76,1,m,20,23-May-2016,Sub5_Trial76_1,1,6,6,-9.593029999999999,False,0.799
5,77,1,m,20,23-May-2016,Sub5_Trial77_0,0,0,0,-65.573565,True,2.328
5,77,1,m,20,23-May-2016,Sub5_Trial77_0,0,1,1,66.814478,True,2.328
5,77,1,m,20,23-May-2016,Sub5_Trial77_0,0,2,2,-33.209898,True,2.328
5,77,1,m,20,23-May-2016,Sub5_Trial77_0,0,3,3,-40.257751,True,2.328
5,77,1,m,20,23-May-2016,Sub5_Trial77_0,0,4,4,-59.974118,True,2.328
5,77,1,m,20,23-May-2016,Sub5_Trial77_0,0,5,5,-70.269602,True,2.328
5,77,1,m,20,23-May-2016,Sub5_Trial77_0,0,6,6,17.350474,True,2.328
5,77,1,m,20,23-May-2016,Sub5_Trial77_1,1,0,0,-16.631357,False,2.328
5,77,1,m,20,23-May-2016,Sub5_Trial77_1,1,1,1,5.025105,False,2.328
5,77,1,m,20,23-May-2016,Sub5_Trial77_1,1,2,2,53.336901,False,2.328
5,77,1,m,20,23-May-2016,Sub5_Trial77_1,1,3,3,-48.48852099999999,False,2.328
5,77,1,m,20,23-May-2016,Sub5_Trial77_1,1,4,4,-120.815743,False,2.328
5,77,1,m,20,23-May-2016,Sub5_Trial77_1,1,5,5,-75.19671,False,2.328
5,77,1,m,20,23-May-2016,Sub5_Trial77_1,1,6,6,36.746706,False,2.328
5,78,1,m,20,23-May-2016,Sub5_Trial78_0,0,0,0,30.643511,True,0.924
5,78,1,m,20,23-May-2016,Sub5_Trial78_0,0,1,1,44.086536,True,0.924
5,78,1,m,20,23-May-2016,Sub5_Trial78_0,0,2,2,15.953205,True,0.924
5,78,1,m,20,23-May-2016,Sub5_Trial78_0,0,3,3,39.91894,True,0.924
5,78,1,m,20,23-May-2016,Sub5_Trial78_0,0,4,4,19.96053,True,0.924
5,78,1,m,20,23-May-2016,Sub5_Trial78_0,0,5,5,15.074567,True,0.924
5,78,1,m,20,23-May-2016,Sub5_Trial78_0,0,6,6,117.06848,True,0.924
5,78,1,m,20,23-May-2016,Sub5_Trial78_1,1,0,0,-121.713156,False,0.924
5,78,1,m,20,23-May-2016,Sub5_Trial78_1,1,1,1,-66.403983,False,0.924
5,78,1,m,20,23-May-2016,Sub5_Trial78_1,1,2,2,117.624932,False,0.924
5,78,1,m,20,23-May-2016,Sub5_Trial78_1,1,3,3,-6.786398999999999,False,0.924
5,78,1,m,20,23-May-2016,Sub5_Trial78_1,1,4,4,12.764015,False,0.924
5,78,1,m,20,23-May-2016,Sub5_Trial78_1,1,5,5,-71.752452,False,0.924
5,78,1,m,20,23-May-2016,Sub5_Trial78_1,1,6,6,89.950933,False,0.924
5,79,1,m,20,23-May-2016,Sub5_Trial79_0,0,0,0,-139.705455,True,3.767
5,79,1,m,20,23-May-2016,Sub5_Trial79_0,0,1,1,63.939118,True,3.767
5,79,1,m,20,23-May-2016,Sub5_Trial79_0,0,2,2,28.69173,True,3.767
5,79,1,m,20,23-May-2016,Sub5_Trial79_0,0,3,3,-38.020927,True,3.767
5,79,1,m,20,23-May-2016,Sub5_Trial79_0,0,4,4,32.887864,True,3.767
5,79,1,m,20,23-May-2016,Sub5_Trial79_0,0,5,5,59.23156,True,3.767
5,79,1,m,20,23-May-2016,Sub5_Trial79_0,0,6,6,6.180348,True,3.767
5,79,1,m,20,23-May-2016,Sub5_Trial79_1,1,0,0,19.977854,False,3.767
5,79,1,m,20,23-May-2016,Sub5_Trial79_1,1,1,1,70.969025,False,3.767
5,79,1,m,20,23-May-2016,Sub5_Trial79_1,1,2,2,12.781253,False,3.767
5,79,1,m,20,23-May-2016,Sub5_Trial79_1,1,3,3,-70.25603,False,3.767
5,79,1,m,20,23-May-2016,Sub5_Trial79_1,1,4,4,-31.65596,False,3.767
5,79,1,m,20,23-May-2016,Sub5_Trial79_1,1,5,5,18.355259000000004,False,3.767
5,79,1,m,20,23-May-2016,Sub5_Trial79_1,1,6,6,-32.801528,False,3.767
5,80,1,m,20,23-May-2016,Sub5_Trial80_0,0,0,0,137.185732,True,0.695
5,80,1,m,20,23-May-2016,Sub5_Trial80_0,0,1,1,79.360558,True,0.695
5,80,1,m,20,23-May-2016,Sub5_Trial80_0,0,2,2,19.958061,True,0.695
5,80,1,m,20,23-May-2016,Sub5_Trial80_0,0,3,3,-99.101774,True,0.695
5,80,1,m,20,23-May-2016,Sub5_Trial80_0,0,4,4,153.235716,True,0.695
5,80,1,m,20,23-May-2016,Sub5_Trial80_0,0,5,5,30.876492,True,0.695
5,80,1,m,20,23-May-2016,Sub5_Trial80_0,0,6,6,-86.622703,True,0.695
5,80,1,m,20,23-May-2016,Sub5_Trial80_1,1,0,0,98.407394,False,0.695
5,80,1,m,20,23-May-2016,Sub5_Trial80_1,1,1,1,97.791543,False,0.695
5,80,1,m,20,23-May-2016,Sub5_Trial80_1,1,2,2,-56.829475,False,0.695
5,80,1,m,20,23-May-2016,Sub5_Trial80_1,1,3,3,2.814813000000001,False,0.695
5,80,1,m,20,23-May-2016,Sub5_Trial80_1,1,4,4,25.566013999999996,False,0.695
5,80,1,m,20,23-May-2016,Sub5_Trial80_1,1,5,5,-68.604505,False,0.695
5,80,1,m,20,23-May-2016,Sub5_Trial80_1,1,6,6,54.092111,False,0.695
5,81,1,m,20,23-May-2016,Sub5_Trial81_0,0,0,0,10.238875999999998,False,4.192
5,81,1,m,20,23-May-2016,Sub5_Trial81_0,0,1,1,74.268747,False,4.192
5,81,1,m,20,23-May-2016,Sub5_Trial81_0,0,2,2,25.178661000000005,False,4.192
5,81,1,m,20,23-May-2016,Sub5_Trial81_0,0,3,3,-109.130139,False,4.192
5,81,1,m,20,23-May-2016,Sub5_Trial81_0,0,4,4,-46.096711,False,4.192
5,81,1,m,20,23-May-2016,Sub5_Trial81_0,0,5,5,43.719226,False,4.192
5,81,1,m,20,23-May-2016,Sub5_Trial81_0,0,6,6,27.859558,False,4.192
5,81,1,m,20,23-May-2016,Sub5_Trial81_1,1,0,0,-99.286997,True,4.192
5,81,1,m,20,23-May-2016,Sub5_Trial81_1,1,1,1,106.732945,True,4.192
5,81,1,m,20,23-May-2016,Sub5_Trial81_1,1,2,2,-67.74027,True,4.192
5,81,1,m,20,23-May-2016,Sub5_Trial81_1,1,3,3,-30.949719,True,4.192
5,81,1,m,20,23-May-2016,Sub5_Trial81_1,1,4,4,-1.4866759999999992,True,4.192
5,81,1,m,20,23-May-2016,Sub5_Trial81_1,1,5,5,22.289031,True,4.192
5,81,1,m,20,23-May-2016,Sub5_Trial81_1,1,6,6,9.451697,True,4.192
5,82,1,m,20,23-May-2016,Sub5_Trial82_0,0,0,0,-32.596755,True,0.875
5,82,1,m,20,23-May-2016,Sub5_Trial82_0,0,1,1,61.292673,True,0.875
5,82,1,m,20,23-May-2016,Sub5_Trial82_0,0,2,2,-9.531454,True,0.875
5,82,1,m,20,23-May-2016,Sub5_Trial82_0,0,3,3,-66.372078,True,0.875
5,82,1,m,20,23-May-2016,Sub5_Trial82_0,0,4,4,-68.121285,True,0.875
5,82,1,m,20,23-May-2016,Sub5_Trial82_0,0,5,5,89.391581,True,0.875
5,82,1,m,20,23-May-2016,Sub5_Trial82_0,0,6,6,-8.946468,True,0.875
5,82,1,m,20,23-May-2016,Sub5_Trial82_1,1,0,0,95.264434,False,0.875
5,82,1,m,20,23-May-2016,Sub5_Trial82_1,1,1,1,128.075832,False,0.875
5,82,1,m,20,23-May-2016,Sub5_Trial82_1,1,2,2,8.688538999999999,False,0.875
5,82,1,m,20,23-May-2016,Sub5_Trial82_1,1,3,3,2.280733999999999,False,0.875
5,82,1,m,20,23-May-2016,Sub5_Trial82_1,1,4,4,41.524463,False,0.875
5,82,1,m,20,23-May-2016,Sub5_Trial82_1,1,5,5,-14.586953,False,0.875
5,82,1,m,20,23-May-2016,Sub5_Trial82_1,1,6,6,-36.908266,False,0.875
5,83,1,m,20,23-May-2016,Sub5_Trial83_0,0,0,0,-94.717633,True,2.049
5,83,1,m,20,23-May-2016,Sub5_Trial83_0,0,1,1,49.736672999999996,True,2.049
5,83,1,m,20,23-May-2016,Sub5_Trial83_0,0,2,2,26.810406999999998,True,2.049
5,83,1,m,20,23-May-2016,Sub5_Trial83_0,0,3,3,127.95635299999998,True,2.049
5,83,1,m,20,23-May-2016,Sub5_Trial83_0,0,4,4,40.75103,True,2.049
5,83,1,m,20,23-May-2016,Sub5_Trial83_0,0,5,5,10.889642000000002,True,2.049
5,83,1,m,20,23-May-2016,Sub5_Trial83_0,0,6,6,104.972896,True,2.049
5,83,1,m,20,23-May-2016,Sub5_Trial83_1,1,0,0,-29.672499000000002,False,2.049
5,83,1,m,20,23-May-2016,Sub5_Trial83_1,1,1,1,24.276576,False,2.049
5,83,1,m,20,23-May-2016,Sub5_Trial83_1,1,2,2,45.692535,False,2.049
5,83,1,m,20,23-May-2016,Sub5_Trial83_1,1,3,3,-80.64374,False,2.049
5,83,1,m,20,23-May-2016,Sub5_Trial83_1,1,4,4,93.328,False,2.049
5,83,1,m,20,23-May-2016,Sub5_Trial83_1,1,5,5,-3.5493549999999985,False,2.049
5,83,1,m,20,23-May-2016,Sub5_Trial83_1,1,6,6,-30.220439,False,2.049
5,84,1,m,20,23-May-2016,Sub5_Trial84_0,0,0,0,63.468848,False,0.805
5,84,1,m,20,23-May-2016,Sub5_Trial84_0,0,1,1,38.907657,False,0.805
5,84,1,m,20,23-May-2016,Sub5_Trial84_0,0,2,2,2.5910790000000006,False,0.805
5,84,1,m,20,23-May-2016,Sub5_Trial84_0,0,3,3,-83.908887,False,0.805
5,84,1,m,20,23-May-2016,Sub5_Trial84_0,0,4,4,32.553752,False,0.805
5,84,1,m,20,23-May-2016,Sub5_Trial84_0,0,5,5,-66.087177,False,0.805
5,84,1,m,20,23-May-2016,Sub5_Trial84_0,0,6,6,104.874418,False,0.805
5,84,1,m,20,23-May-2016,Sub5_Trial84_1,1,0,0,9.563931,True,0.805
5,84,1,m,20,23-May-2016,Sub5_Trial84_1,1,1,1,43.386444,True,0.805
5,84,1,m,20,23-May-2016,Sub5_Trial84_1,1,2,2,52.47488799999999,True,0.805
5,84,1,m,20,23-May-2016,Sub5_Trial84_1,1,3,3,-37.822967,True,0.805
5,84,1,m,20,23-May-2016,Sub5_Trial84_1,1,4,4,50.070145999999994,True,0.805
5,84,1,m,20,23-May-2016,Sub5_Trial84_1,1,5,5,4.459358000000002,True,0.805
5,84,1,m,20,23-May-2016,Sub5_Trial84_1,1,6,6,-64.559565,True,0.805
5,85,1,m,20,23-May-2016,Sub5_Trial85_0,0,0,0,-116.355943,False,0.961
5,85,1,m,20,23-May-2016,Sub5_Trial85_0,0,1,1,-6.955379999999998,False,0.961
5,85,1,m,20,23-May-2016,Sub5_Trial85_0,0,2,2,-2.675688000000001,False,0.961
5,85,1,m,20,23-May-2016,Sub5_Trial85_0,0,3,3,53.197917,False,0.961
5,85,1,m,20,23-May-2016,Sub5_Trial85_0,0,4,4,-10.558959000000002,False,0.961
5,85,1,m,20,23-May-2016,Sub5_Trial85_0,0,5,5,-10.311951,False,0.961
5,85,1,m,20,23-May-2016,Sub5_Trial85_0,0,6,6,-11.634405999999998,False,0.961
5,85,1,m,20,23-May-2016,Sub5_Trial85_1,1,0,0,59.799420999999995,True,0.961
5,85,1,m,20,23-May-2016,Sub5_Trial85_1,1,1,1,115.30848800000001,True,0.961
5,85,1,m,20,23-May-2016,Sub5_Trial85_1,1,2,2,50.985916,True,0.961
5,85,1,m,20,23-May-2016,Sub5_Trial85_1,1,3,3,71.086629,True,0.961
5,85,1,m,20,23-May-2016,Sub5_Trial85_1,1,4,4,58.64832899999999,True,0.961
5,85,1,m,20,23-May-2016,Sub5_Trial85_1,1,5,5,-38.211687,True,0.961
5,85,1,m,20,23-May-2016,Sub5_Trial85_1,1,6,6,38.417164,True,0.961
5,86,1,m,20,23-May-2016,Sub5_Trial86_0,0,0,0,87.995981,False,0.746
5,86,1,m,20,23-May-2016,Sub5_Trial86_0,0,1,1,63.848863,False,0.746
5,86,1,m,20,23-May-2016,Sub5_Trial86_0,0,2,2,71.143591,False,0.746
5,86,1,m,20,23-May-2016,Sub5_Trial86_0,0,3,3,-29.867063,False,0.746
5,86,1,m,20,23-May-2016,Sub5_Trial86_0,0,4,4,-55.98073600000001,False,0.746
5,86,1,m,20,23-May-2016,Sub5_Trial86_0,0,5,5,52.258241,False,0.746
5,86,1,m,20,23-May-2016,Sub5_Trial86_0,0,6,6,0.5619399999999999,False,0.746
5,86,1,m,20,23-May-2016,Sub5_Trial86_1,1,0,0,48.73971800000001,True,0.746
5,86,1,m,20,23-May-2016,Sub5_Trial86_1,1,1,1,76.864052,True,0.746
5,86,1,m,20,23-May-2016,Sub5_Trial86_1,1,2,2,17.578862,True,0.746
5,86,1,m,20,23-May-2016,Sub5_Trial86_1,1,3,3,27.676073000000002,True,0.746
5,86,1,m,20,23-May-2016,Sub5_Trial86_1,1,4,4,-80.422516,True,0.746
5,86,1,m,20,23-May-2016,Sub5_Trial86_1,1,5,5,77.634307,True,0.746
5,86,1,m,20,23-May-2016,Sub5_Trial86_1,1,6,6,-57.542825,True,0.746
5,87,1,m,20,23-May-2016,Sub5_Trial87_0,0,0,0,28.016293,True,0.691
5,87,1,m,20,23-May-2016,Sub5_Trial87_0,0,1,1,-110.136311,True,0.691
5,87,1,m,20,23-May-2016,Sub5_Trial87_0,0,2,2,108.739008,True,0.691
5,87,1,m,20,23-May-2016,Sub5_Trial87_0,0,3,3,12.76315,True,0.691
5,87,1,m,20,23-May-2016,Sub5_Trial87_0,0,4,4,-10.11591,True,0.691
5,87,1,m,20,23-May-2016,Sub5_Trial87_0,0,5,5,52.717983,True,0.691
5,87,1,m,20,23-May-2016,Sub5_Trial87_0,0,6,6,2.640941999999999,True,0.691
5,87,1,m,20,23-May-2016,Sub5_Trial87_1,1,0,0,92.981593,False,0.691
5,87,1,m,20,23-May-2016,Sub5_Trial87_1,1,1,1,26.528492999999997,False,0.691
5,87,1,m,20,23-May-2016,Sub5_Trial87_1,1,2,2,47.768969999999996,False,0.691
5,87,1,m,20,23-May-2016,Sub5_Trial87_1,1,3,3,-99.460098,False,0.691
5,87,1,m,20,23-May-2016,Sub5_Trial87_1,1,4,4,8.479950000000002,False,0.691
5,87,1,m,20,23-May-2016,Sub5_Trial87_1,1,5,5,-69.493369,False,0.691
5,87,1,m,20,23-May-2016,Sub5_Trial87_1,1,6,6,-28.094775,False,0.691
5,88,1,m,20,23-May-2016,Sub5_Trial88_0,0,0,0,-37.557203,False,1.7
5,88,1,m,20,23-May-2016,Sub5_Trial88_0,0,1,1,109.167505,False,1.7
5,88,1,m,20,23-May-2016,Sub5_Trial88_0,0,2,2,53.206801,False,1.7
5,88,1,m,20,23-May-2016,Sub5_Trial88_0,0,3,3,74.516013,False,1.7
5,88,1,m,20,23-May-2016,Sub5_Trial88_0,0,4,4,41.003675,False,1.7
5,88,1,m,20,23-May-2016,Sub5_Trial88_0,0,5,5,-33.693422,False,1.7
5,88,1,m,20,23-May-2016,Sub5_Trial88_0,0,6,6,35.006127,False,1.7
5,88,1,m,20,23-May-2016,Sub5_Trial88_1,1,0,0,139.007254,True,1.7
5,88,1,m,20,23-May-2016,Sub5_Trial88_1,1,1,1,-134.389675,True,1.7
5,88,1,m,20,23-May-2016,Sub5_Trial88_1,1,2,2,-15.999091999999997,True,1.7
5,88,1,m,20,23-May-2016,Sub5_Trial88_1,1,3,3,-71.386107,True,1.7
5,88,1,m,20,23-May-2016,Sub5_Trial88_1,1,4,4,17.728591,True,1.7
5,88,1,m,20,23-May-2016,Sub5_Trial88_1,1,5,5,-20.459366000000003,True,1.7
5,88,1,m,20,23-May-2016,Sub5_Trial88_1,1,6,6,108.537504,True,1.7
5,89,1,m,20,23-May-2016,Sub5_Trial89_0,0,0,0,-4.588726000000001,True,1.068
5,89,1,m,20,23-May-2016,Sub5_Trial89_0,0,1,1,-27.760745,True,1.068
5,89,1,m,20,23-May-2016,Sub5_Trial89_0,0,2,2,40.114478,True,1.068
5,89,1,m,20,23-May-2016,Sub5_Trial89_0,0,3,3,-32.324334,True,1.068
5,89,1,m,20,23-May-2016,Sub5_Trial89_0,0,4,4,59.951481,True,1.068
5,89,1,m,20,23-May-2016,Sub5_Trial89_0,0,5,5,37.406019,True,1.068
5,89,1,m,20,23-May-2016,Sub5_Trial89_0,0,6,6,16.289418,True,1.068
5,89,1,m,20,23-May-2016,Sub5_Trial89_1,1,0,0,33.209928,False,1.068
5,89,1,m,20,23-May-2016,Sub5_Trial89_1,1,1,1,101.570884,False,1.068
5,89,1,m,20,23-May-2016,Sub5_Trial89_1,1,2,2,-43.267522,False,1.068
5,89,1,m,20,23-May-2016,Sub5_Trial89_1,1,3,3,-96.135016,False,1.068
5,89,1,m,20,23-May-2016,Sub5_Trial89_1,1,4,4,-31.444577,False,1.068
5,89,1,m,20,23-May-2016,Sub5_Trial89_1,1,5,5,-61.313491,False,1.068
5,89,1,m,20,23-May-2016,Sub5_Trial89_1,1,6,6,28.935602000000003,False,1.068
5,90,1,m,20,23-May-2016,Sub5_Trial90_0,0,0,0,20.187886,True,1.021
5,90,1,m,20,23-May-2016,Sub5_Trial90_0,0,1,1,-18.759921,True,1.021
5,90,1,m,20,23-May-2016,Sub5_Trial90_0,0,2,2,-9.617475,True,1.021
5,90,1,m,20,23-May-2016,Sub5_Trial90_0,0,3,3,69.606182,True,1.021
5,90,1,m,20,23-May-2016,Sub5_Trial90_0,0,4,4,77.361177,True,1.021
5,90,1,m,20,23-May-2016,Sub5_Trial90_0,0,5,5,89.13285,True,1.021
5,90,1,m,20,23-May-2016,Sub5_Trial90_0,0,6,6,-26.717854,True,1.021
5,90,1,m,20,23-May-2016,Sub5_Trial90_1,1,0,0,69.360315,False,1.021
5,90,1,m,20,23-May-2016,Sub5_Trial90_1,1,1,1,-88.571569,False,1.021
5,90,1,m,20,23-May-2016,Sub5_Trial90_1,1,2,2,-92.047988,False,1.021
5,90,1,m,20,23-May-2016,Sub5_Trial90_1,1,3,3,85.682798,False,1.021
5,90,1,m,20,23-May-2016,Sub5_Trial90_1,1,4,4,29.065213,False,1.021
5,90,1,m,20,23-May-2016,Sub5_Trial90_1,1,5,5,50.58992,False,1.021
5,90,1,m,20,23-May-2016,Sub5_Trial90_1,1,6,6,18.546922,False,1.021
5,91,1,m,20,23-May-2016,Sub5_Trial91_0,0,0,0,-42.315478,False,1.228
5,91,1,m,20,23-May-2016,Sub5_Trial91_0,0,1,1,117.872445,False,1.228
5,91,1,m,20,23-May-2016,Sub5_Trial91_0,0,2,2,86.588419,False,1.228
5,91,1,m,20,23-May-2016,Sub5_Trial91_0,0,3,3,-5.922931999999999,False,1.228
5,91,1,m,20,23-May-2016,Sub5_Trial91_0,0,4,4,103.186588,False,1.228
5,91,1,m,20,23-May-2016,Sub5_Trial91_0,0,5,5,-42.701217,False,1.228
5,91,1,m,20,23-May-2016,Sub5_Trial91_0,0,6,6,-88.666059,False,1.228
5,91,1,m,20,23-May-2016,Sub5_Trial91_1,1,0,0,-65.336754,True,1.228
5,91,1,m,20,23-May-2016,Sub5_Trial91_1,1,1,1,51.318225,True,1.228
5,91,1,m,20,23-May-2016,Sub5_Trial91_1,1,2,2,-40.430738,True,1.228
5,91,1,m,20,23-May-2016,Sub5_Trial91_1,1,3,3,5.523201,True,1.228
5,91,1,m,20,23-May-2016,Sub5_Trial91_1,1,4,4,31.413259,True,1.228
5,91,1,m,20,23-May-2016,Sub5_Trial91_1,1,5,5,5.631302,True,1.228
5,91,1,m,20,23-May-2016,Sub5_Trial91_1,1,6,6,111.327541,True,1.228
5,92,1,m,20,23-May-2016,Sub5_Trial92_0,0,0,0,92.481593,False,1.121
5,92,1,m,20,23-May-2016,Sub5_Trial92_0,0,1,1,45.587673,False,1.121
5,92,1,m,20,23-May-2016,Sub5_Trial92_0,0,2,2,121.578201,False,1.121
5,92,1,m,20,23-May-2016,Sub5_Trial92_0,0,3,3,-109.12143600000002,False,1.121
5,92,1,m,20,23-May-2016,Sub5_Trial92_0,0,4,4,-98.78604,False,1.121
5,92,1,m,20,23-May-2016,Sub5_Trial92_0,0,5,5,45.291643,False,1.121
5,92,1,m,20,23-May-2016,Sub5_Trial92_0,0,6,6,-61.42164,False,1.121
5,92,1,m,20,23-May-2016,Sub5_Trial92_1,1,0,0,146.819225,True,1.121
5,92,1,m,20,23-May-2016,Sub5_Trial92_1,1,1,1,20.437072,True,1.121
5,92,1,m,20,23-May-2016,Sub5_Trial92_1,1,2,2,20.698177,True,1.121
5,92,1,m,20,23-May-2016,Sub5_Trial92_1,1,3,3,136.149825,True,1.121
5,92,1,m,20,23-May-2016,Sub5_Trial92_1,1,4,4,56.057871000000006,True,1.121
5,92,1,m,20,23-May-2016,Sub5_Trial92_1,1,5,5,50.944783,True,1.121
5,92,1,m,20,23-May-2016,Sub5_Trial92_1,1,6,6,-6.007999999999999,True,1.121
5,93,1,m,20,23-May-2016,Sub5_Trial93_0,0,0,0,-13.743812,True,0.82
5,93,1,m,20,23-May-2016,Sub5_Trial93_0,0,1,1,-63.145724,True,0.82
5,93,1,m,20,23-May-2016,Sub5_Trial93_0,0,2,2,26.778622,True,0.82
5,93,1,m,20,23-May-2016,Sub5_Trial93_0,0,3,3,101.581918,True,0.82
5,93,1,m,20,23-May-2016,Sub5_Trial93_0,0,4,4,-80.79385,True,0.82
5,93,1,m,20,23-May-2016,Sub5_Trial93_0,0,5,5,40.892902,True,0.82
5,93,1,m,20,23-May-2016,Sub5_Trial93_0,0,6,6,-4.54626,True,0.82
5,93,1,m,20,23-May-2016,Sub5_Trial93_1,1,0,0,-79.586285,False,0.82
5,93,1,m,20,23-May-2016,Sub5_Trial93_1,1,1,1,79.68858,False,0.82
5,93,1,m,20,23-May-2016,Sub5_Trial93_1,1,2,2,4.438421,False,0.82
5,93,1,m,20,23-May-2016,Sub5_Trial93_1,1,3,3,7.136504,False,0.82
5,93,1,m,20,23-May-2016,Sub5_Trial93_1,1,4,4,45.632328,False,0.82
5,93,1,m,20,23-May-2016,Sub5_Trial93_1,1,5,5,-11.134760999999997,False,0.82
5,93,1,m,20,23-May-2016,Sub5_Trial93_1,1,6,6,-83.145954,False,0.82
5,94,1,m,20,23-May-2016,Sub5_Trial94_0,0,0,0,4.9421409999999995,True,5.638
5,94,1,m,20,23-May-2016,Sub5_Trial94_0,0,1,1,63.856793,True,5.638
5,94,1,m,20,23-May-2016,Sub5_Trial94_0,0,2,2,23.757189,True,5.638
5,94,1,m,20,23-May-2016,Sub5_Trial94_0,0,3,3,142.227982,True,5.638
5,94,1,m,20,23-May-2016,Sub5_Trial94_0,0,4,4,-101.20432,True,5.638
5,94,1,m,20,23-May-2016,Sub5_Trial94_0,0,5,5,26.464079,True,5.638
5,94,1,m,20,23-May-2016,Sub5_Trial94_0,0,6,6,-96.09217,True,5.638
5,94,1,m,20,23-May-2016,Sub5_Trial94_1,1,0,0,107.139157,False,5.638
5,94,1,m,20,23-May-2016,Sub5_Trial94_1,1,1,1,31.004057000000003,False,5.638
5,94,1,m,20,23-May-2016,Sub5_Trial94_1,1,2,2,-59.843327,False,5.638
5,94,1,m,20,23-May-2016,Sub5_Trial94_1,1,3,3,51.300968,False,5.638
5,94,1,m,20,23-May-2016,Sub5_Trial94_1,1,4,4,5.346277000000001,False,5.638
5,94,1,m,20,23-May-2016,Sub5_Trial94_1,1,5,5,-90.358644,False,5.638
5,94,1,m,20,23-May-2016,Sub5_Trial94_1,1,6,6,45.12109699999999,False,5.638
5,95,1,m,20,23-May-2016,Sub5_Trial95_0,0,0,0,-141.699414,False,1.773
5,95,1,m,20,23-May-2016,Sub5_Trial95_0,0,1,1,-63.106699,False,1.773
5,95,1,m,20,23-May-2016,Sub5_Trial95_0,0,2,2,60.707757,False,1.773
5,95,1,m,20,23-May-2016,Sub5_Trial95_0,0,3,3,-68.439616,False,1.773
5,95,1,m,20,23-May-2016,Sub5_Trial95_0,0,4,4,77.911938,False,1.773
5,95,1,m,20,23-May-2016,Sub5_Trial95_0,0,5,5,-38.116537,False,1.773
5,95,1,m,20,23-May-2016,Sub5_Trial95_0,0,6,6,74.761467,False,1.773
5,95,1,m,20,23-May-2016,Sub5_Trial95_1,1,0,0,-18.545984000000004,True,1.773
5,95,1,m,20,23-May-2016,Sub5_Trial95_1,1,1,1,114.561292,True,1.773
5,95,1,m,20,23-May-2016,Sub5_Trial95_1,1,2,2,98.895026,True,1.773
5,95,1,m,20,23-May-2016,Sub5_Trial95_1,1,3,3,-144.908387,True,1.773
5,95,1,m,20,23-May-2016,Sub5_Trial95_1,1,4,4,18.223268,True,1.773
5,95,1,m,20,23-May-2016,Sub5_Trial95_1,1,5,5,40.825964,True,1.773
5,95,1,m,20,23-May-2016,Sub5_Trial95_1,1,6,6,-62.73744099999999,True,1.773
5,96,1,m,20,23-May-2016,Sub5_Trial96_0,0,0,0,87.614748,True,0.904
5,96,1,m,20,23-May-2016,Sub5_Trial96_0,0,1,1,-27.299626,True,0.904
5,96,1,m,20,23-May-2016,Sub5_Trial96_0,0,2,2,128.751483,True,0.904
5,96,1,m,20,23-May-2016,Sub5_Trial96_0,0,3,3,-10.345408,True,0.904
5,96,1,m,20,23-May-2016,Sub5_Trial96_0,0,4,4,64.808687,True,0.904
5,96,1,m,20,23-May-2016,Sub5_Trial96_0,0,5,5,30.720506,True,0.904
5,96,1,m,20,23-May-2016,Sub5_Trial96_0,0,6,6,2.4651390000000006,True,0.904
5,96,1,m,20,23-May-2016,Sub5_Trial96_1,1,0,0,-67.522492,False,0.904
5,96,1,m,20,23-May-2016,Sub5_Trial96_1,1,1,1,-0.19559599999999833,False,0.904
5,96,1,m,20,23-May-2016,Sub5_Trial96_1,1,2,2,86.490066,False,0.904
5,96,1,m,20,23-May-2016,Sub5_Trial96_1,1,3,3,-12.712981,False,0.904
5,96,1,m,20,23-May-2016,Sub5_Trial96_1,1,4,4,-2.4821129999999982,False,0.904
5,96,1,m,20,23-May-2016,Sub5_Trial96_1,1,5,5,70.956717,False,0.904
5,96,1,m,20,23-May-2016,Sub5_Trial96_1,1,6,6,-46.349378,False,0.904
5,97,1,m,20,23-May-2016,Sub5_Trial97_0,0,0,0,32.764971,False,0.828
5,97,1,m,20,23-May-2016,Sub5_Trial97_0,0,1,1,9.813424,False,0.828
5,97,1,m,20,23-May-2016,Sub5_Trial97_0,0,2,2,22.647815,False,0.828
5,97,1,m,20,23-May-2016,Sub5_Trial97_0,0,3,3,-32.972307,False,0.828
5,97,1,m,20,23-May-2016,Sub5_Trial97_0,0,4,4,-10.182133999999998,False,0.828
5,97,1,m,20,23-May-2016,Sub5_Trial97_0,0,5,5,-39.191472,False,0.828
5,97,1,m,20,23-May-2016,Sub5_Trial97_0,0,6,6,126.029602,False,0.828
5,97,1,m,20,23-May-2016,Sub5_Trial97_1,1,0,0,60.669388,True,0.828
5,97,1,m,20,23-May-2016,Sub5_Trial97_1,1,1,1,-15.927728,True,0.828
5,97,1,m,20,23-May-2016,Sub5_Trial97_1,1,2,2,-43.696052,True,0.828
5,97,1,m,20,23-May-2016,Sub5_Trial97_1,1,3,3,1.8249759999999995,True,0.828
5,97,1,m,20,23-May-2016,Sub5_Trial97_1,1,4,4,-27.102457,True,0.828
5,97,1,m,20,23-May-2016,Sub5_Trial97_1,1,5,5,-12.972245,True,0.828
5,97,1,m,20,23-May-2016,Sub5_Trial97_1,1,6,6,40.865426,True,0.828
5,98,1,m,20,23-May-2016,Sub5_Trial98_0,0,0,0,-74.294853,True,0.593
5,98,1,m,20,23-May-2016,Sub5_Trial98_0,0,1,1,6.0292840000000005,True,0.593
5,98,1,m,20,23-May-2016,Sub5_Trial98_0,0,2,2,-18.881806,True,0.593
5,98,1,m,20,23-May-2016,Sub5_Trial98_0,0,3,3,41.252855,True,0.593
5,98,1,m,20,23-May-2016,Sub5_Trial98_0,0,4,4,108.238752,True,0.593
5,98,1,m,20,23-May-2016,Sub5_Trial98_0,0,5,5,4.741907000000001,True,0.593
5,98,1,m,20,23-May-2016,Sub5_Trial98_0,0,6,6,-99.619945,True,0.593
5,98,1,m,20,23-May-2016,Sub5_Trial98_1,1,0,0,-133.994684,False,0.593
5,98,1,m,20,23-May-2016,Sub5_Trial98_1,1,1,1,25.669501,False,0.593
5,98,1,m,20,23-May-2016,Sub5_Trial98_1,1,2,2,31.494371,False,0.593
5,98,1,m,20,23-May-2016,Sub5_Trial98_1,1,3,3,49.331548,False,0.593
5,98,1,m,20,23-May-2016,Sub5_Trial98_1,1,4,4,41.383036,False,0.593
5,98,1,m,20,23-May-2016,Sub5_Trial98_1,1,5,5,-67.021701,False,0.593
5,98,1,m,20,23-May-2016,Sub5_Trial98_1,1,6,6,-15.981867000000001,False,0.593
5,99,1,m,20,23-May-2016,Sub5_Trial99_0,0,0,0,-133.578475,True,0.9
5,99,1,m,20,23-May-2016,Sub5_Trial99_0,0,1,1,98.526825,True,0.9
5,99,1,m,20,23-May-2016,Sub5_Trial99_0,0,2,2,-55.843945,True,0.9
5,99,1,m,20,23-May-2016,Sub5_Trial99_0,0,3,3,-70.99988,True,0.9
5,99,1,m,20,23-May-2016,Sub5_Trial99_0,0,4,4,-94.884071,True,0.9
5,99,1,m,20,23-May-2016,Sub5_Trial99_0,0,5,5,-13.840869,True,0.9
5,99,1,m,20,23-May-2016,Sub5_Trial99_0,0,6,6,-15.582642,True,0.9
5,99,1,m,20,23-May-2016,Sub5_Trial99_1,1,0,0,59.837294,False,0.9
5,99,1,m,20,23-May-2016,Sub5_Trial99_1,1,1,1,-118.73969499999998,False,0.9
5,99,1,m,20,23-May-2016,Sub5_Trial99_1,1,2,2,86.069774,False,0.9
5,99,1,m,20,23-May-2016,Sub5_Trial99_1,1,3,3,-72.295505,False,0.9
5,99,1,m,20,23-May-2016,Sub5_Trial99_1,1,4,4,2.5432640000000006,False,0.9
5,99,1,m,20,23-May-2016,Sub5_Trial99_1,1,5,5,-73.199664,False,0.9
5,99,1,m,20,23-May-2016,Sub5_Trial99_1,1,6,6,-64.514881,False,0.9
5,100,1,m,20,23-May-2016,Sub5_Trial100_0,0,0,0,-82.356747,True,0.754
5,100,1,m,20,23-May-2016,Sub5_Trial100_0,0,1,1,-39.401721,True,0.754
5,100,1,m,20,23-May-2016,Sub5_Trial100_0,0,2,2,3.8563860000000005,True,0.754
5,100,1,m,20,23-May-2016,Sub5_Trial100_0,0,3,3,-144.934285,True,0.754
5,100,1,m,20,23-May-2016,Sub5_Trial100_0,0,4,4,82.421808,True,0.754
5,100,1,m,20,23-May-2016,Sub5_Trial100_0,0,5,5,-27.469952,True,0.754
5,100,1,m,20,23-May-2016,Sub5_Trial100_0,0,6,6,-46.20206,True,0.754
5,100,1,m,20,23-May-2016,Sub5_Trial100_1,1,0,0,-49.167698,False,0.754
5,100,1,m,20,23-May-2016,Sub5_Trial100_1,1,1,1,88.155387,False,0.754
5,100,1,m,20,23-May-2016,Sub5_Trial100_1,1,2,2,61.917813,False,0.754
5,100,1,m,20,23-May-2016,Sub5_Trial100_1,1,3,3,-10.833189,False,0.754
5,100,1,m,20,23-May-2016,Sub5_Trial100_1,1,4,4,73.195574,False,0.754
5,100,1,m,20,23-May-2016,Sub5_Trial100_1,1,5,5,3.813946999999999,False,0.754
5,100,1,m,20,23-May-2016,Sub5_Trial100_1,1,6,6,-67.222278,False,0.754
5,100,2,m,20,23-May-2016,Sub5_Trial100_0,0,0,0,-82.356747,True,1.231
5,100,2,m,20,23-May-2016,Sub5_Trial100_0,0,1,1,-39.401721,True,1.231
5,100,2,m,20,23-May-2016,Sub5_Trial100_0,0,2,2,3.8563860000000005,True,1.231
5,100,2,m,20,23-May-2016,Sub5_Trial100_0,0,3,3,-144.934285,True,1.231
5,100,2,m,20,23-May-2016,Sub5_Trial100_0,0,4,4,82.421808,True,1.231
5,100,2,m,20,23-May-2016,Sub5_Trial100_0,0,5,5,-27.469952,True,1.231
5,100,2,m,20,23-May-2016,Sub5_Trial100_0,0,6,6,-46.20206,True,1.231
5,100,2,m,20,23-May-2016,Sub5_Trial100_1,1,0,0,-49.167698,False,1.231
5,100,2,m,20,23-May-2016,Sub5_Trial100_1,1,1,1,88.155387,False,1.231
5,100,2,m,20,23-May-2016,Sub5_Trial100_1,1,2,2,61.917813,False,1.231
5,100,2,m,20,23-May-2016,Sub5_Trial100_1,1,3,3,-10.833189,False,1.231
5,100,2,m,20,23-May-2016,Sub5_Trial100_1,1,4,4,73.195574,False,1.231
5,100,2,m,20,23-May-2016,Sub5_Trial100_1,1,5,5,3.813946999999999,False,1.231
5,100,2,m,20,23-May-2016,Sub5_Trial100_1,1,6,6,-67.222278,False,1.231
5,101,2,m,20,23-May-2016,Sub5_Trial101_0,0,0,0,-34.448745,True,0.87
5,101,2,m,20,23-May-2016,Sub5_Trial101_0,0,1,1,-15.388524,True,0.87
5,101,2,m,20,23-May-2016,Sub5_Trial101_0,0,2,2,61.16916599999999,True,0.87
5,101,2,m,20,23-May-2016,Sub5_Trial101_0,0,3,3,-82.586666,True,0.87
5,101,2,m,20,23-May-2016,Sub5_Trial101_0,0,4,4,-148.218717,True,0.87
5,101,2,m,20,23-May-2016,Sub5_Trial101_0,0,5,5,19.686974,True,0.87
5,101,2,m,20,23-May-2016,Sub5_Trial101_0,0,6,6,-25.508056,True,0.87
5,101,2,m,20,23-May-2016,Sub5_Trial101_1,1,0,0,54.470452,False,0.87
5,101,2,m,20,23-May-2016,Sub5_Trial101_1,1,1,1,78.380499,False,0.87
5,101,2,m,20,23-May-2016,Sub5_Trial101_1,1,2,2,-78.263283,False,0.87
5,101,2,m,20,23-May-2016,Sub5_Trial101_1,1,3,3,-12.407592999999999,False,0.87
5,101,2,m,20,23-May-2016,Sub5_Trial101_1,1,4,4,69.088706,False,0.87
5,101,2,m,20,23-May-2016,Sub5_Trial101_1,1,5,5,-89.521145,False,0.87
5,101,2,m,20,23-May-2016,Sub5_Trial101_1,1,6,6,-82.129753,False,0.87
5,102,2,m,20,23-May-2016,Sub5_Trial102_0,0,0,0,17.481077999999997,True,0.985
5,102,2,m,20,23-May-2016,Sub5_Trial102_0,0,1,1,50.28974199999999,True,0.985
5,102,2,m,20,23-May-2016,Sub5_Trial102_0,0,2,2,12.437555000000003,True,0.985
5,102,2,m,20,23-May-2016,Sub5_Trial102_0,0,3,3,30.643140000000002,True,0.985
5,102,2,m,20,23-May-2016,Sub5_Trial102_0,0,4,4,9.217627999999998,True,0.985
5,102,2,m,20,23-May-2016,Sub5_Trial102_0,0,5,5,54.072429,True,0.985
5,102,2,m,20,23-May-2016,Sub5_Trial102_0,0,6,6,63.174418,True,0.985
5,102,2,m,20,23-May-2016,Sub5_Trial102_1,1,0,0,76.872254,False,0.985
5,102,2,m,20,23-May-2016,Sub5_Trial102_1,1,1,1,61.112799,False,0.985
5,102,2,m,20,23-May-2016,Sub5_Trial102_1,1,2,2,27.879148,False,0.985
5,102,2,m,20,23-May-2016,Sub5_Trial102_1,1,3,3,-90.539039,False,0.985
5,102,2,m,20,23-May-2016,Sub5_Trial102_1,1,4,4,-144.532213,False,0.985
5,102,2,m,20,23-May-2016,Sub5_Trial102_1,1,5,5,-79.805494,False,0.985
5,102,2,m,20,23-May-2016,Sub5_Trial102_1,1,6,6,73.470299,False,0.985
5,103,2,m,20,23-May-2016,Sub5_Trial103_0,0,0,0,51.110676,True,1.533
5,103,2,m,20,23-May-2016,Sub5_Trial103_0,0,1,1,-123.572074,True,1.533
5,103,2,m,20,23-May-2016,Sub5_Trial103_0,0,2,2,-13.931092,True,1.533
5,103,2,m,20,23-May-2016,Sub5_Trial103_0,0,3,3,-19.646137,True,1.533
5,103,2,m,20,23-May-2016,Sub5_Trial103_0,0,4,4,-20.072028,True,1.533
5,103,2,m,20,23-May-2016,Sub5_Trial103_0,0,5,5,-132.767262,True,1.533
5,103,2,m,20,23-May-2016,Sub5_Trial103_0,0,6,6,-0.8908300000000011,True,1.533
5,103,2,m,20,23-May-2016,Sub5_Trial103_1,1,0,0,-7.368000000000002,False,1.533
5,103,2,m,20,23-May-2016,Sub5_Trial103_1,1,1,1,16.134394,False,1.533
5,103,2,m,20,23-May-2016,Sub5_Trial103_1,1,2,2,-19.262404000000004,False,1.533
5,103,2,m,20,23-May-2016,Sub5_Trial103_1,1,3,3,52.293396,False,1.533
5,103,2,m,20,23-May-2016,Sub5_Trial103_1,1,4,4,5.205057,False,1.533
5,103,2,m,20,23-May-2016,Sub5_Trial103_1,1,5,5,-50.531150999999994,False,1.533
5,103,2,m,20,23-May-2016,Sub5_Trial103_1,1,6,6,-4.371489,False,1.533
5,104,2,m,20,23-May-2016,Sub5_Trial104_0,0,0,0,88.227075,False,1.077
5,104,2,m,20,23-May-2016,Sub5_Trial104_0,0,1,1,109.95563900000002,False,1.077
5,104,2,m,20,23-May-2016,Sub5_Trial104_0,0,2,2,49.170455000000004,False,1.077
5,104,2,m,20,23-May-2016,Sub5_Trial104_0,0,3,3,95.08236,False,1.077
5,104,2,m,20,23-May-2016,Sub5_Trial104_0,0,4,4,41.88511,False,1.077
5,104,2,m,20,23-May-2016,Sub5_Trial104_0,0,5,5,35.373611,False,1.077
5,104,2,m,20,23-May-2016,Sub5_Trial104_0,0,6,6,-74.347084,False,1.077
5,104,2,m,20,23-May-2016,Sub5_Trial104_1,1,0,0,-31.234978999999996,True,1.077
5,104,2,m,20,23-May-2016,Sub5_Trial104_1,1,1,1,51.892584,True,1.077
5,104,2,m,20,23-May-2016,Sub5_Trial104_1,1,2,2,58.618645,True,1.077
5,104,2,m,20,23-May-2016,Sub5_Trial104_1,1,3,3,-5.747975,True,1.077
5,104,2,m,20,23-May-2016,Sub5_Trial104_1,1,4,4,-98.208571,True,1.077
5,104,2,m,20,23-May-2016,Sub5_Trial104_1,1,5,5,134.240332,True,1.077
5,104,2,m,20,23-May-2016,Sub5_Trial104_1,1,6,6,78.941585,True,1.077
5,105,2,m,20,23-May-2016,Sub5_Trial105_0,0,0,0,-23.953776000000005,False,0.662
5,105,2,m,20,23-May-2016,Sub5_Trial105_0,0,1,1,-8.374537,False,0.662
5,105,2,m,20,23-May-2016,Sub5_Trial105_0,0,2,2,-126.70295099999998,False,0.662
5,105,2,m,20,23-May-2016,Sub5_Trial105_0,0,3,3,-61.633204000000006,False,0.662
5,105,2,m,20,23-May-2016,Sub5_Trial105_0,0,4,4,-64.025534,False,0.662
5,105,2,m,20,23-May-2016,Sub5_Trial105_0,0,5,5,-36.385681,False,0.662
5,105,2,m,20,23-May-2016,Sub5_Trial105_0,0,6,6,-67.526041,False,0.662
5,105,2,m,20,23-May-2016,Sub5_Trial105_1,1,0,0,-49.913122,True,0.662
5,105,2,m,20,23-May-2016,Sub5_Trial105_1,1,1,1,-112.221618,True,0.662
5,105,2,m,20,23-May-2016,Sub5_Trial105_1,1,2,2,-59.021439,True,0.662
5,105,2,m,20,23-May-2016,Sub5_Trial105_1,1,3,3,-54.622209,True,0.662
5,105,2,m,20,23-May-2016,Sub5_Trial105_1,1,4,4,-152.628579,True,0.662
5,105,2,m,20,23-May-2016,Sub5_Trial105_1,1,5,5,52.790853999999996,True,0.662
5,105,2,m,20,23-May-2016,Sub5_Trial105_1,1,6,6,-49.369458,True,0.662
5,106,2,m,20,23-May-2016,Sub5_Trial106_0,0,0,0,-97.361631,False,2.741
5,106,2,m,20,23-May-2016,Sub5_Trial106_0,0,1,1,-22.75354,False,2.741
5,106,2,m,20,23-May-2016,Sub5_Trial106_0,0,2,2,16.032581,False,2.741
5,106,2,m,20,23-May-2016,Sub5_Trial106_0,0,3,3,88.711677,False,2.741
5,106,2,m,20,23-May-2016,Sub5_Trial106_0,0,4,4,-93.168482,False,2.741
5,106,2,m,20,23-May-2016,Sub5_Trial106_0,0,5,5,15.607731,False,2.741
5,106,2,m,20,23-May-2016,Sub5_Trial106_0,0,6,6,18.643128,False,2.741
5,106,2,m,20,23-May-2016,Sub5_Trial106_1,1,0,0,83.708585,True,2.741
5,106,2,m,20,23-May-2016,Sub5_Trial106_1,1,1,1,31.773129999999995,True,2.741
5,106,2,m,20,23-May-2016,Sub5_Trial106_1,1,2,2,-10.17803,True,2.741
5,106,2,m,20,23-May-2016,Sub5_Trial106_1,1,3,3,50.304688,True,2.741
5,106,2,m,20,23-May-2016,Sub5_Trial106_1,1,4,4,-19.118488,True,2.741
5,106,2,m,20,23-May-2016,Sub5_Trial106_1,1,5,5,29.889038999999997,True,2.741
5,106,2,m,20,23-May-2016,Sub5_Trial106_1,1,6,6,-98.564238,True,2.741
5,107,2,m,20,23-May-2016,Sub5_Trial107_0,0,0,0,89.967655,False,1.744
5,107,2,m,20,23-May-2016,Sub5_Trial107_0,0,1,1,19.017725,False,1.744
5,107,2,m,20,23-May-2016,Sub5_Trial107_0,0,2,2,-23.401859,False,1.744
5,107,2,m,20,23-May-2016,Sub5_Trial107_0,0,3,3,-0.8169520000000006,False,1.744
5,107,2,m,20,23-May-2016,Sub5_Trial107_0,0,4,4,31.296186,False,1.744
5,107,2,m,20,23-May-2016,Sub5_Trial107_0,0,5,5,-10.545054999999998,False,1.744
5,107,2,m,20,23-May-2016,Sub5_Trial107_0,0,6,6,25.274394,False,1.744
5,107,2,m,20,23-May-2016,Sub5_Trial107_1,1,0,0,-48.421983,True,1.744
5,107,2,m,20,23-May-2016,Sub5_Trial107_1,1,1,1,-13.732598,True,1.744
5,107,2,m,20,23-May-2016,Sub5_Trial107_1,1,2,2,-30.059823,True,1.744
5,107,2,m,20,23-May-2016,Sub5_Trial107_1,1,3,3,86.182196,True,1.744
5,107,2,m,20,23-May-2016,Sub5_Trial107_1,1,4,4,66.628803,True,1.744
5,107,2,m,20,23-May-2016,Sub5_Trial107_1,1,5,5,-25.215947,True,1.744
5,107,2,m,20,23-May-2016,Sub5_Trial107_1,1,6,6,-92.550638,True,1.744
5,108,2,m,20,23-May-2016,Sub5_Trial108_0,0,0,0,-19.200414,True,1.121
5,108,2,m,20,23-May-2016,Sub5_Trial108_0,0,1,1,54.668437,True,1.121
5,108,2,m,20,23-May-2016,Sub5_Trial108_0,0,2,2,3.485194,True,1.121
5,108,2,m,20,23-May-2016,Sub5_Trial108_0,0,3,3,4.94239,True,1.121
5,108,2,m,20,23-May-2016,Sub5_Trial108_0,0,4,4,33.175761,True,1.121
5,108,2,m,20,23-May-2016,Sub5_Trial108_0,0,5,5,75.496534,True,1.121
5,108,2,m,20,23-May-2016,Sub5_Trial108_0,0,6,6,62.424751,True,1.121
5,108,2,m,20,23-May-2016,Sub5_Trial108_1,1,0,0,-1.9322140000000019,False,1.121
5,108,2,m,20,23-May-2016,Sub5_Trial108_1,1,1,1,123.207647,False,1.121
5,108,2,m,20,23-May-2016,Sub5_Trial108_1,1,2,2,-70.214852,False,1.121
5,108,2,m,20,23-May-2016,Sub5_Trial108_1,1,3,3,-31.788374000000005,False,1.121
5,108,2,m,20,23-May-2016,Sub5_Trial108_1,1,4,4,35.5556,False,1.121
5,108,2,m,20,23-May-2016,Sub5_Trial108_1,1,5,5,23.081185,False,1.121
5,108,2,m,20,23-May-2016,Sub5_Trial108_1,1,6,6,-53.76620299999999,False,1.121
5,109,2,m,20,23-May-2016,Sub5_Trial109_0,0,0,0,17.682628,False,1.318
5,109,2,m,20,23-May-2016,Sub5_Trial109_0,0,1,1,-110.17604,False,1.318
5,109,2,m,20,23-May-2016,Sub5_Trial109_0,0,2,2,-68.013784,False,1.318
5,109,2,m,20,23-May-2016,Sub5_Trial109_0,0,3,3,68.870797,False,1.318
5,109,2,m,20,23-May-2016,Sub5_Trial109_0,0,4,4,-61.76428899999999,False,1.318
5,109,2,m,20,23-May-2016,Sub5_Trial109_0,0,5,5,60.784406,False,1.318
5,109,2,m,20,23-May-2016,Sub5_Trial109_0,0,6,6,42.215224,False,1.318
5,109,2,m,20,23-May-2016,Sub5_Trial109_1,1,0,0,51.644885,True,1.318
5,109,2,m,20,23-May-2016,Sub5_Trial109_1,1,1,1,-2.203709,True,1.318
5,109,2,m,20,23-May-2016,Sub5_Trial109_1,1,2,2,94.526877,True,1.318
5,109,2,m,20,23-May-2016,Sub5_Trial109_1,1,3,3,-86.925848,True,1.318
5,109,2,m,20,23-May-2016,Sub5_Trial109_1,1,4,4,-3.259367000000001,True,1.318
5,109,2,m,20,23-May-2016,Sub5_Trial109_1,1,5,5,28.162321,True,1.318
5,109,2,m,20,23-May-2016,Sub5_Trial109_1,1,6,6,61.508555,True,1.318
5,110,2,m,20,23-May-2016,Sub5_Trial110_0,0,0,0,-6.164557,False,0.799
5,110,2,m,20,23-May-2016,Sub5_Trial110_0,0,1,1,-30.691037,False,0.799
5,110,2,m,20,23-May-2016,Sub5_Trial110_0,0,2,2,-119.491926,False,0.799
5,110,2,m,20,23-May-2016,Sub5_Trial110_0,0,3,3,-63.337733,False,0.799
5,110,2,m,20,23-May-2016,Sub5_Trial110_0,0,4,4,58.102844000000005,False,0.799
5,110,2,m,20,23-May-2016,Sub5_Trial110_0,0,5,5,-66.807493,False,0.799
5,110,2,m,20,23-May-2016,Sub5_Trial110_0,0,6,6,9.776578999999998,False,0.799
5,110,2,m,20,23-May-2016,Sub5_Trial110_1,1,0,0,-81.178676,True,0.799
5,110,2,m,20,23-May-2016,Sub5_Trial110_1,1,1,1,-46.17454699999999,True,0.799
5,110,2,m,20,23-May-2016,Sub5_Trial110_1,1,2,2,-117.15681899999998,True,0.799
5,110,2,m,20,23-May-2016,Sub5_Trial110_1,1,3,3,40.639828,True,0.799
5,110,2,m,20,23-May-2016,Sub5_Trial110_1,1,4,4,-147.24983,True,0.799
5,110,2,m,20,23-May-2016,Sub5_Trial110_1,1,5,5,41.879093,True,0.799
5,110,2,m,20,23-May-2016,Sub5_Trial110_1,1,6,6,71.305728,True,0.799
5,111,2,m,20,23-May-2016,Sub5_Trial111_0,0,0,0,-8.255571,True,2.6
5,111,2,m,20,23-May-2016,Sub5_Trial111_0,0,1,1,61.955504,True,2.6
5,111,2,m,20,23-May-2016,Sub5_Trial111_0,0,2,2,-5.772684999999999,True,2.6
5,111,2,m,20,23-May-2016,Sub5_Trial111_0,0,3,3,-121.43969099999998,True,2.6
5,111,2,m,20,23-May-2016,Sub5_Trial111_0,0,4,4,-97.531911,True,2.6
5,111,2,m,20,23-May-2016,Sub5_Trial111_0,0,5,5,-11.472875000000002,True,2.6
5,111,2,m,20,23-May-2016,Sub5_Trial111_0,0,6,6,-9.728644,True,2.6
5,111,2,m,20,23-May-2016,Sub5_Trial111_1,1,0,0,-49.65501,False,2.6
5,111,2,m,20,23-May-2016,Sub5_Trial111_1,1,1,1,81.564061,False,2.6
5,111,2,m,20,23-May-2016,Sub5_Trial111_1,1,2,2,111.722186,False,2.6
5,111,2,m,20,23-May-2016,Sub5_Trial111_1,1,3,3,-19.995882,False,2.6
5,111,2,m,20,23-May-2016,Sub5_Trial111_1,1,4,4,-80.054584,False,2.6
5,111,2,m,20,23-May-2016,Sub5_Trial111_1,1,5,5,-70.503247,False,2.6
5,111,2,m,20,23-May-2016,Sub5_Trial111_1,1,6,6,-4.335401000000001,False,2.6
5,112,2,m,20,23-May-2016,Sub5_Trial112_0,0,0,0,82.598699,True,1.008
5,112,2,m,20,23-May-2016,Sub5_Trial112_0,0,1,1,-93.04288,True,1.008
5,112,2,m,20,23-May-2016,Sub5_Trial112_0,0,2,2,9.377856999999999,True,1.008
5,112,2,m,20,23-May-2016,Sub5_Trial112_0,0,3,3,-4.565593,True,1.008
5,112,2,m,20,23-May-2016,Sub5_Trial112_0,0,4,4,60.62950000000001,True,1.008
5,112,2,m,20,23-May-2016,Sub5_Trial112_0,0,5,5,53.496268,True,1.008
5,112,2,m,20,23-May-2016,Sub5_Trial112_0,0,6,6,83.274143,True,1.008
5,112,2,m,20,23-May-2016,Sub5_Trial112_1,1,0,0,-36.015056,False,1.008
5,112,2,m,20,23-May-2016,Sub5_Trial112_1,1,1,1,131.514485,False,1.008
5,112,2,m,20,23-May-2016,Sub5_Trial112_1,1,2,2,21.577974,False,1.008
5,112,2,m,20,23-May-2016,Sub5_Trial112_1,1,3,3,-10.065262,False,1.008
5,112,2,m,20,23-May-2016,Sub5_Trial112_1,1,4,4,109.0976,False,1.008
5,112,2,m,20,23-May-2016,Sub5_Trial112_1,1,5,5,-47.97909899999999,False,1.008
5,112,2,m,20,23-May-2016,Sub5_Trial112_1,1,6,6,90.58571,False,1.008
5,113,2,m,20,23-May-2016,Sub5_Trial113_0,0,0,0,21.72921,True,3.43
5,113,2,m,20,23-May-2016,Sub5_Trial113_0,0,1,1,-58.393445,True,3.43
5,113,2,m,20,23-May-2016,Sub5_Trial113_0,0,2,2,-119.320232,True,3.43
5,113,2,m,20,23-May-2016,Sub5_Trial113_0,0,3,3,26.4418,True,3.43
5,113,2,m,20,23-May-2016,Sub5_Trial113_0,0,4,4,114.435191,True,3.43
5,113,2,m,20,23-May-2016,Sub5_Trial113_0,0,5,5,54.85833,True,3.43
5,113,2,m,20,23-May-2016,Sub5_Trial113_0,0,6,6,71.979525,True,3.43
5,113,2,m,20,23-May-2016,Sub5_Trial113_1,1,0,0,49.58001999999999,False,3.43
5,113,2,m,20,23-May-2016,Sub5_Trial113_1,1,1,1,41.0682,False,3.43
5,113,2,m,20,23-May-2016,Sub5_Trial113_1,1,2,2,16.417039000000003,False,3.43
5,113,2,m,20,23-May-2016,Sub5_Trial113_1,1,3,3,-85.38371,False,3.43
5,113,2,m,20,23-May-2016,Sub5_Trial113_1,1,4,4,5.576081000000002,False,3.43
5,113,2,m,20,23-May-2016,Sub5_Trial113_1,1,5,5,27.495128,False,3.43
5,113,2,m,20,23-May-2016,Sub5_Trial113_1,1,6,6,2.2176110000000016,False,3.43
5,114,2,m,20,23-May-2016,Sub5_Trial114_0,0,0,0,26.008363000000003,True,0.654
5,114,2,m,20,23-May-2016,Sub5_Trial114_0,0,1,1,-85.331594,True,0.654
5,114,2,m,20,23-May-2016,Sub5_Trial114_0,0,2,2,-88.584789,True,0.654
5,114,2,m,20,23-May-2016,Sub5_Trial114_0,0,3,3,93.623798,True,0.654
5,114,2,m,20,23-May-2016,Sub5_Trial114_0,0,4,4,46.442182,True,0.654
5,114,2,m,20,23-May-2016,Sub5_Trial114_0,0,5,5,32.570265,True,0.654
5,114,2,m,20,23-May-2016,Sub5_Trial114_0,0,6,6,-52.16513,True,0.654
5,114,2,m,20,23-May-2016,Sub5_Trial114_1,1,0,0,0.1373609999999985,False,0.654
5,114,2,m,20,23-May-2016,Sub5_Trial114_1,1,1,1,-16.543114000000003,False,0.654
5,114,2,m,20,23-May-2016,Sub5_Trial114_1,1,2,2,77.837084,False,0.654
5,114,2,m,20,23-May-2016,Sub5_Trial114_1,1,3,3,41.584257,False,0.654
5,114,2,m,20,23-May-2016,Sub5_Trial114_1,1,4,4,-26.612017,False,0.654
5,114,2,m,20,23-May-2016,Sub5_Trial114_1,1,5,5,20.685396,False,0.654
5,114,2,m,20,23-May-2016,Sub5_Trial114_1,1,6,6,-31.327084,False,0.654
5,115,2,m,20,23-May-2016,Sub5_Trial115_0,0,0,0,42.295957,True,1.494
5,115,2,m,20,23-May-2016,Sub5_Trial115_0,0,1,1,-37.98618,True,1.494
5,115,2,m,20,23-May-2016,Sub5_Trial115_0,0,2,2,27.518357,True,1.494
5,115,2,m,20,23-May-2016,Sub5_Trial115_0,0,3,3,-15.209586,True,1.494
5,115,2,m,20,23-May-2016,Sub5_Trial115_0,0,4,4,-102.439906,True,1.494
5,115,2,m,20,23-May-2016,Sub5_Trial115_0,0,5,5,-35.062973,True,1.494
5,115,2,m,20,23-May-2016,Sub5_Trial115_0,0,6,6,-46.075004,True,1.494
5,115,2,m,20,23-May-2016,Sub5_Trial115_1,1,0,0,56.590394,False,1.494
5,115,2,m,20,23-May-2016,Sub5_Trial115_1,1,1,1,-98.274004,False,1.494
5,115,2,m,20,23-May-2016,Sub5_Trial115_1,1,2,2,-42.057401,False,1.494
5,115,2,m,20,23-May-2016,Sub5_Trial115_1,1,3,3,-29.355629,False,1.494
5,115,2,m,20,23-May-2016,Sub5_Trial115_1,1,4,4,-123.661192,False,1.494
5,115,2,m,20,23-May-2016,Sub5_Trial115_1,1,5,5,-56.06724299999999,False,1.494
5,115,2,m,20,23-May-2016,Sub5_Trial115_1,1,6,6,0.7450420000000015,False,1.494
5,116,2,m,20,23-May-2016,Sub5_Trial116_0,0,0,0,-9.247235,False,0.82
5,116,2,m,20,23-May-2016,Sub5_Trial116_0,0,1,1,21.765219,False,0.82
5,116,2,m,20,23-May-2016,Sub5_Trial116_0,0,2,2,-37.153126,False,0.82
5,116,2,m,20,23-May-2016,Sub5_Trial116_0,0,3,3,120.897516,False,0.82
5,116,2,m,20,23-May-2016,Sub5_Trial116_0,0,4,4,87.47603,False,0.82
5,116,2,m,20,23-May-2016,Sub5_Trial116_0,0,5,5,-66.52042,False,0.82
5,116,2,m,20,23-May-2016,Sub5_Trial116_0,0,6,6,-69.602776,False,0.82
5,116,2,m,20,23-May-2016,Sub5_Trial116_1,1,0,0,-88.081059,True,0.82
5,116,2,m,20,23-May-2016,Sub5_Trial116_1,1,1,1,100.846951,True,0.82
5,116,2,m,20,23-May-2016,Sub5_Trial116_1,1,2,2,17.346789,True,0.82
5,116,2,m,20,23-May-2016,Sub5_Trial116_1,1,3,3,-45.374049,True,0.82
5,116,2,m,20,23-May-2016,Sub5_Trial116_1,1,4,4,-25.625516,True,0.82
5,116,2,m,20,23-May-2016,Sub5_Trial116_1,1,5,5,31.926491999999996,True,0.82
5,116,2,m,20,23-May-2016,Sub5_Trial116_1,1,6,6,9.975576,True,0.82
5,117,2,m,20,23-May-2016,Sub5_Trial117_0,0,0,0,47.715423,False,0.71
5,117,2,m,20,23-May-2016,Sub5_Trial117_0,0,1,1,40.66981,False,0.71
5,117,2,m,20,23-May-2016,Sub5_Trial117_0,0,2,2,-64.332973,False,0.71
5,117,2,m,20,23-May-2016,Sub5_Trial117_0,0,3,3,-78.16693,False,0.71
5,117,2,m,20,23-May-2016,Sub5_Trial117_0,0,4,4,-56.877409,False,0.71
5,117,2,m,20,23-May-2016,Sub5_Trial117_0,0,5,5,-12.031557,False,0.71
5,117,2,m,20,23-May-2016,Sub5_Trial117_0,0,6,6,-11.288788,False,0.71
5,117,2,m,20,23-May-2016,Sub5_Trial117_1,1,0,0,-22.091381,True,0.71
5,117,2,m,20,23-May-2016,Sub5_Trial117_1,1,1,1,-43.536935,True,0.71
5,117,2,m,20,23-May-2016,Sub5_Trial117_1,1,2,2,-40.018693,True,0.71
5,117,2,m,20,23-May-2016,Sub5_Trial117_1,1,3,3,-60.629816,True,0.71
5,117,2,m,20,23-May-2016,Sub5_Trial117_1,1,4,4,18.495041,True,0.71
5,117,2,m,20,23-May-2016,Sub5_Trial117_1,1,5,5,-31.24095,True,0.71
5,117,2,m,20,23-May-2016,Sub5_Trial117_1,1,6,6,-32.54781,True,0.71
5,118,2,m,20,23-May-2016,Sub5_Trial118_0,0,0,0,-60.49149,False,1.517
5,118,2,m,20,23-May-2016,Sub5_Trial118_0,0,1,1,-55.66433,False,1.517
5,118,2,m,20,23-May-2016,Sub5_Trial118_0,0,2,2,53.86139399999999,False,1.517
5,118,2,m,20,23-May-2016,Sub5_Trial118_0,0,3,3,75.768747,False,1.517
5,118,2,m,20,23-May-2016,Sub5_Trial118_0,0,4,4,-23.784321,False,1.517
5,118,2,m,20,23-May-2016,Sub5_Trial118_0,0,5,5,-26.915163,False,1.517
5,118,2,m,20,23-May-2016,Sub5_Trial118_0,0,6,6,120.65195399999999,False,1.517
5,118,2,m,20,23-May-2016,Sub5_Trial118_1,1,0,0,-9.147195,True,1.517
5,118,2,m,20,23-May-2016,Sub5_Trial118_1,1,1,1,126.915458,True,1.517
5,118,2,m,20,23-May-2016,Sub5_Trial118_1,1,2,2,77.840855,True,1.517
5,118,2,m,20,23-May-2016,Sub5_Trial118_1,1,3,3,33.809048,True,1.517
5,118,2,m,20,23-May-2016,Sub5_Trial118_1,1,4,4,59.409068,True,1.517
5,118,2,m,20,23-May-2016,Sub5_Trial118_1,1,5,5,34.327298,True,1.517
5,118,2,m,20,23-May-2016,Sub5_Trial118_1,1,6,6,103.952607,True,1.517
5,119,2,m,20,23-May-2016,Sub5_Trial119_0,0,0,0,-3.0983920000000005,False,1.268
5,119,2,m,20,23-May-2016,Sub5_Trial119_0,0,1,1,-41.14018,False,1.268
5,119,2,m,20,23-May-2016,Sub5_Trial119_0,0,2,2,-2.9016669999999998,False,1.268
5,119,2,m,20,23-May-2016,Sub5_Trial119_0,0,3,3,-4.465647000000001,False,1.268
5,119,2,m,20,23-May-2016,Sub5_Trial119_0,0,4,4,25.370197000000005,False,1.268
5,119,2,m,20,23-May-2016,Sub5_Trial119_0,0,5,5,-73.317382,False,1.268
5,119,2,m,20,23-May-2016,Sub5_Trial119_0,0,6,6,-34.214794,False,1.268
5,119,2,m,20,23-May-2016,Sub5_Trial119_1,1,0,0,100.39902,True,1.268
5,119,2,m,20,23-May-2016,Sub5_Trial119_1,1,1,1,33.64254,True,1.268
5,119,2,m,20,23-May-2016,Sub5_Trial119_1,1,2,2,7.4616299999999995,True,1.268
5,119,2,m,20,23-May-2016,Sub5_Trial119_1,1,3,3,86.256248,True,1.268
5,119,2,m,20,23-May-2016,Sub5_Trial119_1,1,4,4,24.103946,True,1.268
5,119,2,m,20,23-May-2016,Sub5_Trial119_1,1,5,5,-8.310275,True,1.268
5,119,2,m,20,23-May-2016,Sub5_Trial119_1,1,6,6,-133.370653,True,1.268
5,120,2,m,20,23-May-2016,Sub5_Trial120_0,0,0,0,20.075686000000005,True,2.26
5,120,2,m,20,23-May-2016,Sub5_Trial120_0,0,1,1,101.90967,True,2.26
5,120,2,m,20,23-May-2016,Sub5_Trial120_0,0,2,2,71.529583,True,2.26
5,120,2,m,20,23-May-2016,Sub5_Trial120_0,0,3,3,64.625972,True,2.26
5,120,2,m,20,23-May-2016,Sub5_Trial120_0,0,4,4,-43.734453,True,2.26
5,120,2,m,20,23-May-2016,Sub5_Trial120_0,0,5,5,-18.234647,True,2.26
5,120,2,m,20,23-May-2016,Sub5_Trial120_0,0,6,6,-89.699049,True,2.26
5,120,2,m,20,23-May-2016,Sub5_Trial120_1,1,0,0,-18.262777,False,2.26
5,120,2,m,20,23-May-2016,Sub5_Trial120_1,1,1,1,37.68292,False,2.26
5,120,2,m,20,23-May-2016,Sub5_Trial120_1,1,2,2,-149.666306,False,2.26
5,120,2,m,20,23-May-2016,Sub5_Trial120_1,1,3,3,-84.095995,False,2.26
5,120,2,m,20,23-May-2016,Sub5_Trial120_1,1,4,4,-59.00084100000001,False,2.26
5,120,2,m,20,23-May-2016,Sub5_Trial120_1,1,5,5,-95.383734,False,2.26
5,120,2,m,20,23-May-2016,Sub5_Trial120_1,1,6,6,52.411377,False,2.26
5,121,2,m,20,23-May-2016,Sub5_Trial121_0,0,0,0,120.07959199999999,False,1.181
5,121,2,m,20,23-May-2016,Sub5_Trial121_0,0,1,1,18.351551,False,1.181
5,121,2,m,20,23-May-2016,Sub5_Trial121_0,0,2,2,-36.894105,False,1.181
5,121,2,m,20,23-May-2016,Sub5_Trial121_0,0,3,3,-19.20167,False,1.181
5,121,2,m,20,23-May-2016,Sub5_Trial121_0,0,4,4,17.566112000000004,False,1.181
5,121,2,m,20,23-May-2016,Sub5_Trial121_0,0,5,5,-19.642552,False,1.181
5,121,2,m,20,23-May-2016,Sub5_Trial121_0,0,6,6,-17.636585,False,1.181
5,121,2,m,20,23-May-2016,Sub5_Trial121_1,1,0,0,42.681448,True,1.181
5,121,2,m,20,23-May-2016,Sub5_Trial121_1,1,1,1,84.43405,True,1.181
5,121,2,m,20,23-May-2016,Sub5_Trial121_1,1,2,2,87.320753,True,1.181
5,121,2,m,20,23-May-2016,Sub5_Trial121_1,1,3,3,129.091413,True,1.181
5,121,2,m,20,23-May-2016,Sub5_Trial121_1,1,4,4,-54.676361,True,1.181
5,121,2,m,20,23-May-2016,Sub5_Trial121_1,1,5,5,59.215399,True,1.181
5,121,2,m,20,23-May-2016,Sub5_Trial121_1,1,6,6,90.066735,True,1.181
5,122,2,m,20,23-May-2016,Sub5_Trial122_0,0,0,0,75.93853,True,0.714
5,122,2,m,20,23-May-2016,Sub5_Trial122_0,0,1,1,-55.837018,True,0.714
5,122,2,m,20,23-May-2016,Sub5_Trial122_0,0,2,2,67.849972,True,0.714
5,122,2,m,20,23-May-2016,Sub5_Trial122_0,0,3,3,-3.9922369999999994,True,0.714
5,122,2,m,20,23-May-2016,Sub5_Trial122_0,0,4,4,-101.245596,True,0.714
5,122,2,m,20,23-May-2016,Sub5_Trial122_0,0,5,5,60.727001,True,0.714
5,122,2,m,20,23-May-2016,Sub5_Trial122_0,0,6,6,-45.758432,True,0.714
5,122,2,m,20,23-May-2016,Sub5_Trial122_1,1,0,0,47.921833,False,0.714
5,122,2,m,20,23-May-2016,Sub5_Trial122_1,1,1,1,-124.953689,False,0.714
5,122,2,m,20,23-May-2016,Sub5_Trial122_1,1,2,2,49.03345,False,0.714
5,122,2,m,20,23-May-2016,Sub5_Trial122_1,1,3,3,87.072473,False,0.714
5,122,2,m,20,23-May-2016,Sub5_Trial122_1,1,4,4,-129.413407,False,0.714
5,122,2,m,20,23-May-2016,Sub5_Trial122_1,1,5,5,-1.1221379999999996,False,0.714
5,122,2,m,20,23-May-2016,Sub5_Trial122_1,1,6,6,-59.067987,False,0.714
5,123,2,m,20,23-May-2016,Sub5_Trial123_0,0,0,0,-49.387326,True,3.921
5,123,2,m,20,23-May-2016,Sub5_Trial123_0,0,1,1,-105.536331,True,3.921
5,123,2,m,20,23-May-2016,Sub5_Trial123_0,0,2,2,-45.494574,True,3.921
5,123,2,m,20,23-May-2016,Sub5_Trial123_0,0,3,3,72.543458,True,3.921
5,123,2,m,20,23-May-2016,Sub5_Trial123_0,0,4,4,39.984675,True,3.921
5,123,2,m,20,23-May-2016,Sub5_Trial123_0,0,5,5,107.794833,True,3.921
5,123,2,m,20,23-May-2016,Sub5_Trial123_0,0,6,6,-12.679175,True,3.921
5,123,2,m,20,23-May-2016,Sub5_Trial123_1,1,0,0,-54.023258,False,3.921
5,123,2,m,20,23-May-2016,Sub5_Trial123_1,1,1,1,-39.545181,False,3.921
5,123,2,m,20,23-May-2016,Sub5_Trial123_1,1,2,2,-59.170074,False,3.921
5,123,2,m,20,23-May-2016,Sub5_Trial123_1,1,3,3,4.227585999999999,False,3.921
5,123,2,m,20,23-May-2016,Sub5_Trial123_1,1,4,4,3.149920999999999,False,3.921
5,123,2,m,20,23-May-2016,Sub5_Trial123_1,1,5,5,48.316179,False,3.921
5,123,2,m,20,23-May-2016,Sub5_Trial123_1,1,6,6,-33.624393,False,3.921
5,124,2,m,20,23-May-2016,Sub5_Trial124_0,0,0,0,-3.0037170000000017,False,1.221
5,124,2,m,20,23-May-2016,Sub5_Trial124_0,0,1,1,-53.095691,False,1.221
5,124,2,m,20,23-May-2016,Sub5_Trial124_0,0,2,2,43.024148,False,1.221
5,124,2,m,20,23-May-2016,Sub5_Trial124_0,0,3,3,145.672464,False,1.221
5,124,2,m,20,23-May-2016,Sub5_Trial124_0,0,4,4,-36.753627,False,1.221
5,124,2,m,20,23-May-2016,Sub5_Trial124_0,0,5,5,2.9144809999999985,False,1.221
5,124,2,m,20,23-May-2016,Sub5_Trial124_0,0,6,6,-45.233053,False,1.221
5,124,2,m,20,23-May-2016,Sub5_Trial124_1,1,0,0,-12.687345999999998,True,1.221
5,124,2,m,20,23-May-2016,Sub5_Trial124_1,1,1,1,-11.398302000000001,True,1.221
5,124,2,m,20,23-May-2016,Sub5_Trial124_1,1,2,2,-51.92119099999999,True,1.221
5,124,2,m,20,23-May-2016,Sub5_Trial124_1,1,3,3,-59.6349,True,1.221
5,124,2,m,20,23-May-2016,Sub5_Trial124_1,1,4,4,60.33372,True,1.221
5,124,2,m,20,23-May-2016,Sub5_Trial124_1,1,5,5,30.900484,True,1.221
5,124,2,m,20,23-May-2016,Sub5_Trial124_1,1,6,6,115.45814,True,1.221
5,125,2,m,20,23-May-2016,Sub5_Trial125_0,0,0,0,142.610637,True,0.874
5,125,2,m,20,23-May-2016,Sub5_Trial125_0,0,1,1,-40.502167,True,0.874
5,125,2,m,20,23-May-2016,Sub5_Trial125_0,0,2,2,-10.554624,True,0.874
5,125,2,m,20,23-May-2016,Sub5_Trial125_0,0,3,3,-14.187932000000004,True,0.874
5,125,2,m,20,23-May-2016,Sub5_Trial125_0,0,4,4,142.303404,True,0.874
5,125,2,m,20,23-May-2016,Sub5_Trial125_0,0,5,5,50.64815,True,0.874
5,125,2,m,20,23-May-2016,Sub5_Trial125_0,0,6,6,64.113312,True,0.874
5,125,2,m,20,23-May-2016,Sub5_Trial125_1,1,0,0,10.725473000000001,False,0.874
5,125,2,m,20,23-May-2016,Sub5_Trial125_1,1,1,1,56.640420000000006,False,0.874
5,125,2,m,20,23-May-2016,Sub5_Trial125_1,1,2,2,-69.713652,False,0.874
5,125,2,m,20,23-May-2016,Sub5_Trial125_1,1,3,3,74.875811,False,0.874
5,125,2,m,20,23-May-2016,Sub5_Trial125_1,1,4,4,-107.464794,False,0.874
5,125,2,m,20,23-May-2016,Sub5_Trial125_1,1,5,5,-23.13512,False,0.874
5,125,2,m,20,23-May-2016,Sub5_Trial125_1,1,6,6,37.027532,False,0.874
5,126,2,m,20,23-May-2016,Sub5_Trial126_0,0,0,0,-128.153651,True,1.245
5,126,2,m,20,23-May-2016,Sub5_Trial126_0,0,1,1,-56.568021,True,1.245
5,126,2,m,20,23-May-2016,Sub5_Trial126_0,0,2,2,-11.802764,True,1.245
5,126,2,m,20,23-May-2016,Sub5_Trial126_0,0,3,3,-47.060374,True,1.245
5,126,2,m,20,23-May-2016,Sub5_Trial126_0,0,4,4,49.054461,True,1.245
5,126,2,m,20,23-May-2016,Sub5_Trial126_0,0,5,5,13.423355999999998,True,1.245
5,126,2,m,20,23-May-2016,Sub5_Trial126_0,0,6,6,-65.529218,True,1.245
5,126,2,m,20,23-May-2016,Sub5_Trial126_1,1,0,0,-62.974391999999995,False,1.245
5,126,2,m,20,23-May-2016,Sub5_Trial126_1,1,1,1,-27.209855000000005,False,1.245
5,126,2,m,20,23-May-2016,Sub5_Trial126_1,1,2,2,-1.3117650000000012,False,1.245
5,126,2,m,20,23-May-2016,Sub5_Trial126_1,1,3,3,-31.989902,False,1.245
5,126,2,m,20,23-May-2016,Sub5_Trial126_1,1,4,4,-23.336343,False,1.245
5,126,2,m,20,23-May-2016,Sub5_Trial126_1,1,5,5,24.734156,False,1.245
5,126,2,m,20,23-May-2016,Sub5_Trial126_1,1,6,6,-50.41363100000001,False,1.245
5,127,2,m,20,23-May-2016,Sub5_Trial127_0,0,0,0,83.861184,True,1.827
5,127,2,m,20,23-May-2016,Sub5_Trial127_0,0,1,1,33.486678,True,1.827
5,127,2,m,20,23-May-2016,Sub5_Trial127_0,0,2,2,-116.407511,True,1.827
5,127,2,m,20,23-May-2016,Sub5_Trial127_0,0,3,3,-17.857864,True,1.827
5,127,2,m,20,23-May-2016,Sub5_Trial127_0,0,4,4,-42.737813,True,1.827
5,127,2,m,20,23-May-2016,Sub5_Trial127_0,0,5,5,-24.96028,True,1.827
5,127,2,m,20,23-May-2016,Sub5_Trial127_0,0,6,6,-56.730183,True,1.827
5,127,2,m,20,23-May-2016,Sub5_Trial127_1,1,0,0,-38.643172,False,1.827
5,127,2,m,20,23-May-2016,Sub5_Trial127_1,1,1,1,-106.614189,False,1.827
5,127,2,m,20,23-May-2016,Sub5_Trial127_1,1,2,2,146.345384,False,1.827
5,127,2,m,20,23-May-2016,Sub5_Trial127_1,1,3,3,56.73806,False,1.827
5,127,2,m,20,23-May-2016,Sub5_Trial127_1,1,4,4,32.604158,False,1.827
5,127,2,m,20,23-May-2016,Sub5_Trial127_1,1,5,5,6.977784,False,1.827
5,127,2,m,20,23-May-2016,Sub5_Trial127_1,1,6,6,40.665278,False,1.827
5,128,2,m,20,23-May-2016,Sub5_Trial128_0,0,0,0,-1.249917,True,2.442
5,128,2,m,20,23-May-2016,Sub5_Trial128_0,0,1,1,-34.153583,True,2.442
5,128,2,m,20,23-May-2016,Sub5_Trial128_0,0,2,2,-107.730731,True,2.442
5,128,2,m,20,23-May-2016,Sub5_Trial128_0,0,3,3,13.588833000000001,True,2.442
5,128,2,m,20,23-May-2016,Sub5_Trial128_0,0,4,4,-115.464884,True,2.442
5,128,2,m,20,23-May-2016,Sub5_Trial128_0,0,5,5,28.787523,True,2.442
5,128,2,m,20,23-May-2016,Sub5_Trial128_0,0,6,6,28.025385999999997,True,2.442
5,128,2,m,20,23-May-2016,Sub5_Trial128_1,1,0,0,25.293053,False,2.442
5,128,2,m,20,23-May-2016,Sub5_Trial128_1,1,1,1,-33.476044,False,2.442
5,128,2,m,20,23-May-2016,Sub5_Trial128_1,1,2,2,-95.917777,False,2.442
5,128,2,m,20,23-May-2016,Sub5_Trial128_1,1,3,3,2.3001630000000013,False,2.442
5,128,2,m,20,23-May-2016,Sub5_Trial128_1,1,4,4,-3.0034610000000015,False,2.442
5,128,2,m,20,23-May-2016,Sub5_Trial128_1,1,5,5,27.490065,False,2.442
5,128,2,m,20,23-May-2016,Sub5_Trial128_1,1,6,6,73.606535,False,2.442
5,129,2,m,20,23-May-2016,Sub5_Trial129_0,0,0,0,8.226632,True,1.095
5,129,2,m,20,23-May-2016,Sub5_Trial129_0,0,1,1,67.414952,True,1.095
5,129,2,m,20,23-May-2016,Sub5_Trial129_0,0,2,2,96.970186,True,1.095
5,129,2,m,20,23-May-2016,Sub5_Trial129_0,0,3,3,-76.18228,True,1.095
5,129,2,m,20,23-May-2016,Sub5_Trial129_0,0,4,4,93.772712,True,1.095
5,129,2,m,20,23-May-2016,Sub5_Trial129_0,0,5,5,11.720873,True,1.095
5,129,2,m,20,23-May-2016,Sub5_Trial129_0,0,6,6,36.99057,True,1.095
5,129,2,m,20,23-May-2016,Sub5_Trial129_1,1,0,0,12.580798999999999,False,1.095
5,129,2,m,20,23-May-2016,Sub5_Trial129_1,1,1,1,41.283583,False,1.095
5,129,2,m,20,23-May-2016,Sub5_Trial129_1,1,2,2,-80.3638,False,1.095
5,129,2,m,20,23-May-2016,Sub5_Trial129_1,1,3,3,15.519984000000001,False,1.095
5,129,2,m,20,23-May-2016,Sub5_Trial129_1,1,4,4,-92.551592,False,1.095
5,129,2,m,20,23-May-2016,Sub5_Trial129_1,1,5,5,-75.682825,False,1.095
5,129,2,m,20,23-May-2016,Sub5_Trial129_1,1,6,6,72.606325,False,1.095
5,130,2,m,20,23-May-2016,Sub5_Trial130_0,0,0,0,99.2093,True,2.815
5,130,2,m,20,23-May-2016,Sub5_Trial130_0,0,1,1,39.653915,True,2.815
5,130,2,m,20,23-May-2016,Sub5_Trial130_0,0,2,2,1.671488,True,2.815
5,130,2,m,20,23-May-2016,Sub5_Trial130_0,0,3,3,6.10019,True,2.815
5,130,2,m,20,23-May-2016,Sub5_Trial130_0,0,4,4,16.48852,True,2.815
5,130,2,m,20,23-May-2016,Sub5_Trial130_0,0,5,5,22.396905,True,2.815
5,130,2,m,20,23-May-2016,Sub5_Trial130_0,0,6,6,-15.467129,True,2.815
5,130,2,m,20,23-May-2016,Sub5_Trial130_1,1,0,0,-141.148866,False,2.815
5,130,2,m,20,23-May-2016,Sub5_Trial130_1,1,1,1,60.291008000000005,False,2.815
5,130,2,m,20,23-May-2016,Sub5_Trial130_1,1,2,2,22.126134,False,2.815
5,130,2,m,20,23-May-2016,Sub5_Trial130_1,1,3,3,73.241531,False,2.815
5,130,2,m,20,23-May-2016,Sub5_Trial130_1,1,4,4,-62.932936,False,2.815
5,130,2,m,20,23-May-2016,Sub5_Trial130_1,1,5,5,19.654433999999995,False,2.815
5,130,2,m,20,23-May-2016,Sub5_Trial130_1,1,6,6,-122.710245,False,2.815
5,131,2,m,20,23-May-2016,Sub5_Trial131_0,0,0,0,-55.901471,True,3.116
5,131,2,m,20,23-May-2016,Sub5_Trial131_0,0,1,1,55.944214,True,3.116
5,131,2,m,20,23-May-2016,Sub5_Trial131_0,0,2,2,53.709384,True,3.116
5,131,2,m,20,23-May-2016,Sub5_Trial131_0,0,3,3,0.6300559999999997,True,3.116
5,131,2,m,20,23-May-2016,Sub5_Trial131_0,0,4,4,-148.907129,True,3.116
5,131,2,m,20,23-May-2016,Sub5_Trial131_0,0,5,5,60.096784,True,3.116
5,131,2,m,20,23-May-2016,Sub5_Trial131_0,0,6,6,-38.092562,True,3.116
5,131,2,m,20,23-May-2016,Sub5_Trial131_1,1,0,0,-75.440103,False,3.116
5,131,2,m,20,23-May-2016,Sub5_Trial131_1,1,1,1,-18.901050999999995,False,3.116
5,131,2,m,20,23-May-2016,Sub5_Trial131_1,1,2,2,-83.200622,False,3.116
5,131,2,m,20,23-May-2016,Sub5_Trial131_1,1,3,3,-53.267099,False,3.116
5,131,2,m,20,23-May-2016,Sub5_Trial131_1,1,4,4,2.219092,False,3.116
5,131,2,m,20,23-May-2016,Sub5_Trial131_1,1,5,5,96.265993,False,3.116
5,131,2,m,20,23-May-2016,Sub5_Trial131_1,1,6,6,-55.007363,False,3.116
5,132,2,m,20,23-May-2016,Sub5_Trial132_0,0,0,0,31.630133,True,2.609
5,132,2,m,20,23-May-2016,Sub5_Trial132_0,0,1,1,12.980205,True,2.609
5,132,2,m,20,23-May-2016,Sub5_Trial132_0,0,2,2,-116.945506,True,2.609
5,132,2,m,20,23-May-2016,Sub5_Trial132_0,0,3,3,64.714718,True,2.609
5,132,2,m,20,23-May-2016,Sub5_Trial132_0,0,4,4,-61.32033200000001,True,2.609
5,132,2,m,20,23-May-2016,Sub5_Trial132_0,0,5,5,20.207418,True,2.609
5,132,2,m,20,23-May-2016,Sub5_Trial132_0,0,6,6,69.820963,True,2.609
5,132,2,m,20,23-May-2016,Sub5_Trial132_1,1,0,0,-57.190807,False,2.609
5,132,2,m,20,23-May-2016,Sub5_Trial132_1,1,1,1,-120.086754,False,2.609
5,132,2,m,20,23-May-2016,Sub5_Trial132_1,1,2,2,50.447970999999995,False,2.609
5,132,2,m,20,23-May-2016,Sub5_Trial132_1,1,3,3,-43.995971,False,2.609
5,132,2,m,20,23-May-2016,Sub5_Trial132_1,1,4,4,-61.439936,False,2.609
5,132,2,m,20,23-May-2016,Sub5_Trial132_1,1,5,5,-25.09819,False,2.609
5,132,2,m,20,23-May-2016,Sub5_Trial132_1,1,6,6,-65.860886,False,2.609
5,133,2,m,20,23-May-2016,Sub5_Trial133_0,0,0,0,0.2761180000000003,False,0.809
5,133,2,m,20,23-May-2016,Sub5_Trial133_0,0,1,1,-56.667763,False,0.809
5,133,2,m,20,23-May-2016,Sub5_Trial133_0,0,2,2,-10.045148,False,0.809
5,133,2,m,20,23-May-2016,Sub5_Trial133_0,0,3,3,52.97463400000001,False,0.809
5,133,2,m,20,23-May-2016,Sub5_Trial133_0,0,4,4,30.977177999999995,False,0.809
5,133,2,m,20,23-May-2016,Sub5_Trial133_0,0,5,5,-78.56059,False,0.809
5,133,2,m,20,23-May-2016,Sub5_Trial133_0,0,6,6,12.892834,False,0.809
5,133,2,m,20,23-May-2016,Sub5_Trial133_1,1,0,0,101.680456,True,0.809
5,133,2,m,20,23-May-2016,Sub5_Trial133_1,1,1,1,-52.58142599999999,True,0.809
5,133,2,m,20,23-May-2016,Sub5_Trial133_1,1,2,2,42.138343,True,0.809
5,133,2,m,20,23-May-2016,Sub5_Trial133_1,1,3,3,-131.741316,True,0.809
5,133,2,m,20,23-May-2016,Sub5_Trial133_1,1,4,4,138.587326,True,0.809
5,133,2,m,20,23-May-2016,Sub5_Trial133_1,1,5,5,47.945978,True,0.809
5,133,2,m,20,23-May-2016,Sub5_Trial133_1,1,6,6,80.866225,True,0.809
5,134,2,m,20,23-May-2016,Sub5_Trial134_0,0,0,0,-50.150134,True,4.004
5,134,2,m,20,23-May-2016,Sub5_Trial134_0,0,1,1,32.900097,True,4.004
5,134,2,m,20,23-May-2016,Sub5_Trial134_0,0,2,2,-1.703838000000001,True,4.004
5,134,2,m,20,23-May-2016,Sub5_Trial134_0,0,3,3,53.61169100000001,True,4.004
5,134,2,m,20,23-May-2016,Sub5_Trial134_0,0,4,4,-70.750069,True,4.004
5,134,2,m,20,23-May-2016,Sub5_Trial134_0,0,5,5,-107.786601,True,4.004
5,134,2,m,20,23-May-2016,Sub5_Trial134_0,0,6,6,37.21576,True,4.004
5,134,2,m,20,23-May-2016,Sub5_Trial134_1,1,0,0,37.955468,False,4.004
5,134,2,m,20,23-May-2016,Sub5_Trial134_1,1,1,1,149.059916,False,4.004
5,134,2,m,20,23-May-2016,Sub5_Trial134_1,1,2,2,90.465066,False,4.004
5,134,2,m,20,23-May-2016,Sub5_Trial134_1,1,3,3,-50.670018,False,4.004
5,134,2,m,20,23-May-2016,Sub5_Trial134_1,1,4,4,-6.212263,False,4.004
5,134,2,m,20,23-May-2016,Sub5_Trial134_1,1,5,5,-40.244616,False,4.004
5,134,2,m,20,23-May-2016,Sub5_Trial134_1,1,6,6,-62.805567999999994,False,4.004
5,135,2,m,20,23-May-2016,Sub5_Trial135_0,0,0,0,7.289011000000002,True,0.616
5,135,2,m,20,23-May-2016,Sub5_Trial135_0,0,1,1,63.48633699999999,True,0.616
5,135,2,m,20,23-May-2016,Sub5_Trial135_0,0,2,2,11.530587,True,0.616
5,135,2,m,20,23-May-2016,Sub5_Trial135_0,0,3,3,-137.797981,True,0.616
5,135,2,m,20,23-May-2016,Sub5_Trial135_0,0,4,4,11.556545,True,0.616
5,135,2,m,20,23-May-2016,Sub5_Trial135_0,0,5,5,53.966060999999996,True,0.616
5,135,2,m,20,23-May-2016,Sub5_Trial135_0,0,6,6,13.108151,True,0.616
5,135,2,m,20,23-May-2016,Sub5_Trial135_1,1,0,0,-31.147287,False,0.616
5,135,2,m,20,23-May-2016,Sub5_Trial135_1,1,1,1,-11.597802999999999,False,0.616
5,135,2,m,20,23-May-2016,Sub5_Trial135_1,1,2,2,96.000274,False,0.616
5,135,2,m,20,23-May-2016,Sub5_Trial135_1,1,3,3,-22.684782,False,0.616
5,135,2,m,20,23-May-2016,Sub5_Trial135_1,1,4,4,-20.434517,False,0.616
5,135,2,m,20,23-May-2016,Sub5_Trial135_1,1,5,5,-69.915427,False,0.616
5,135,2,m,20,23-May-2016,Sub5_Trial135_1,1,6,6,-4.490897,False,0.616
5,136,2,m,20,23-May-2016,Sub5_Trial136_0,0,0,0,16.421913,False,0.99
5,136,2,m,20,23-May-2016,Sub5_Trial136_0,0,1,1,-5.138570999999999,False,0.99
5,136,2,m,20,23-May-2016,Sub5_Trial136_0,0,2,2,-106.875999,False,0.99
5,136,2,m,20,23-May-2016,Sub5_Trial136_0,0,3,3,44.496534,False,0.99
5,136,2,m,20,23-May-2016,Sub5_Trial136_0,0,4,4,71.914815,False,0.99
5,136,2,m,20,23-May-2016,Sub5_Trial136_0,0,5,5,4.791107,False,0.99
5,136,2,m,20,23-May-2016,Sub5_Trial136_0,0,6,6,30.106805,False,0.99
5,136,2,m,20,23-May-2016,Sub5_Trial136_1,1,0,0,-91.31829,True,0.99
5,136,2,m,20,23-May-2016,Sub5_Trial136_1,1,1,1,53.030564999999996,True,0.99
5,136,2,m,20,23-May-2016,Sub5_Trial136_1,1,2,2,-65.528101,True,0.99
5,136,2,m,20,23-May-2016,Sub5_Trial136_1,1,3,3,111.51648599999999,True,0.99
5,136,2,m,20,23-May-2016,Sub5_Trial136_1,1,4,4,117.62845900000002,True,0.99
5,136,2,m,20,23-May-2016,Sub5_Trial136_1,1,5,5,1.9057439999999986,True,0.99
5,136,2,m,20,23-May-2016,Sub5_Trial136_1,1,6,6,-56.664917,True,0.99
5,137,2,m,20,23-May-2016,Sub5_Trial137_0,0,0,0,-51.362753,False,0.692
5,137,2,m,20,23-May-2016,Sub5_Trial137_0,0,1,1,-55.174609000000004,False,0.692
5,137,2,m,20,23-May-2016,Sub5_Trial137_0,0,2,2,21.357259,False,0.692
5,137,2,m,20,23-May-2016,Sub5_Trial137_0,0,3,3,41.411801,False,0.692
5,137,2,m,20,23-May-2016,Sub5_Trial137_0,0,4,4,7.1053180000000005,False,0.692
5,137,2,m,20,23-May-2016,Sub5_Trial137_0,0,5,5,-138.988862,False,0.692
5,137,2,m,20,23-May-2016,Sub5_Trial137_0,0,6,6,-144.325435,False,0.692
5,137,2,m,20,23-May-2016,Sub5_Trial137_1,1,0,0,-32.275843,True,0.692
5,137,2,m,20,23-May-2016,Sub5_Trial137_1,1,1,1,-34.26901,True,0.692
5,137,2,m,20,23-May-2016,Sub5_Trial137_1,1,2,2,-40.908454,True,0.692
5,137,2,m,20,23-May-2016,Sub5_Trial137_1,1,3,3,-59.346663,True,0.692
5,137,2,m,20,23-May-2016,Sub5_Trial137_1,1,4,4,-84.333667,True,0.692
5,137,2,m,20,23-May-2016,Sub5_Trial137_1,1,5,5,-13.229419,True,0.692
5,137,2,m,20,23-May-2016,Sub5_Trial137_1,1,6,6,77.26331,True,0.692
5,138,2,m,20,23-May-2016,Sub5_Trial138_0,0,0,0,-73.529636,True,0.819
5,138,2,m,20,23-May-2016,Sub5_Trial138_0,0,1,1,-64.10093,True,0.819
5,138,2,m,20,23-May-2016,Sub5_Trial138_0,0,2,2,-41.887748,True,0.819
5,138,2,m,20,23-May-2016,Sub5_Trial138_0,0,3,3,40.864037,True,0.819
5,138,2,m,20,23-May-2016,Sub5_Trial138_0,0,4,4,-45.21615,True,0.819
5,138,2,m,20,23-May-2016,Sub5_Trial138_0,0,5,5,-8.810309,True,0.819
5,138,2,m,20,23-May-2016,Sub5_Trial138_0,0,6,6,54.990312,True,0.819
5,138,2,m,20,23-May-2016,Sub5_Trial138_1,1,0,0,-89.438563,False,0.819
5,138,2,m,20,23-May-2016,Sub5_Trial138_1,1,1,1,46.807153,False,0.819
5,138,2,m,20,23-May-2016,Sub5_Trial138_1,1,2,2,-16.238376000000002,False,0.819
5,138,2,m,20,23-May-2016,Sub5_Trial138_1,1,3,3,3.0893000000000015,False,0.819
5,138,2,m,20,23-May-2016,Sub5_Trial138_1,1,4,4,4.955193999999999,False,0.819
5,138,2,m,20,23-May-2016,Sub5_Trial138_1,1,5,5,-22.416437000000002,False,0.819
5,138,2,m,20,23-May-2016,Sub5_Trial138_1,1,6,6,-105.80734,False,0.819
5,139,2,m,20,23-May-2016,Sub5_Trial139_0,0,0,0,110.753389,True,0.766
5,139,2,m,20,23-May-2016,Sub5_Trial139_0,0,1,1,77.324773,True,0.766
5,139,2,m,20,23-May-2016,Sub5_Trial139_0,0,2,2,-82.192247,True,0.766
5,139,2,m,20,23-May-2016,Sub5_Trial139_0,0,3,3,-63.995486,True,0.766
5,139,2,m,20,23-May-2016,Sub5_Trial139_0,0,4,4,30.785685,True,0.766
5,139,2,m,20,23-May-2016,Sub5_Trial139_0,0,5,5,43.295101,True,0.766
5,139,2,m,20,23-May-2016,Sub5_Trial139_0,0,6,6,5.537858,True,0.766
5,139,2,m,20,23-May-2016,Sub5_Trial139_1,1,0,0,-88.082862,False,0.766
5,139,2,m,20,23-May-2016,Sub5_Trial139_1,1,1,1,15.486525,False,0.766
5,139,2,m,20,23-May-2016,Sub5_Trial139_1,1,2,2,12.653532,False,0.766
5,139,2,m,20,23-May-2016,Sub5_Trial139_1,1,3,3,18.743293,False,0.766
5,139,2,m,20,23-May-2016,Sub5_Trial139_1,1,4,4,36.489795,False,0.766
5,139,2,m,20,23-May-2016,Sub5_Trial139_1,1,5,5,-1.2038089999999997,False,0.766
5,139,2,m,20,23-May-2016,Sub5_Trial139_1,1,6,6,-127.895085,False,0.766
5,140,2,m,20,23-May-2016,Sub5_Trial140_0,0,0,0,101.618754,False,0.915
5,140,2,m,20,23-May-2016,Sub5_Trial140_0,0,1,1,-51.614082,False,0.915
5,140,2,m,20,23-May-2016,Sub5_Trial140_0,0,2,2,-22.831058,False,0.915
5,140,2,m,20,23-May-2016,Sub5_Trial140_0,0,3,3,19.707961999999995,False,0.915
5,140,2,m,20,23-May-2016,Sub5_Trial140_0,0,4,4,18.443054000000004,False,0.915
5,140,2,m,20,23-May-2016,Sub5_Trial140_0,0,5,5,-35.419086,False,0.915
5,140,2,m,20,23-May-2016,Sub5_Trial140_0,0,6,6,17.666848,False,0.915
5,140,2,m,20,23-May-2016,Sub5_Trial140_1,1,0,0,-3.584588,True,0.915
5,140,2,m,20,23-May-2016,Sub5_Trial140_1,1,1,1,145.91585,True,0.915
5,140,2,m,20,23-May-2016,Sub5_Trial140_1,1,2,2,-99.922673,True,0.915
5,140,2,m,20,23-May-2016,Sub5_Trial140_1,1,3,3,36.491132,True,0.915
5,140,2,m,20,23-May-2016,Sub5_Trial140_1,1,4,4,-91.46193,True,0.915
5,140,2,m,20,23-May-2016,Sub5_Trial140_1,1,5,5,82.723888,True,0.915
5,140,2,m,20,23-May-2016,Sub5_Trial140_1,1,6,6,-77.410433,True,0.915
5,141,2,m,20,23-May-2016,Sub5_Trial141_0,0,0,0,72.16655,True,2.794
5,141,2,m,20,23-May-2016,Sub5_Trial141_0,0,1,1,-18.928758,True,2.794
5,141,2,m,20,23-May-2016,Sub5_Trial141_0,0,2,2,89.646311,True,2.794
5,141,2,m,20,23-May-2016,Sub5_Trial141_0,0,3,3,-41.504242,True,2.794
5,141,2,m,20,23-May-2016,Sub5_Trial141_0,0,4,4,-91.89691,True,2.794
5,141,2,m,20,23-May-2016,Sub5_Trial141_0,0,5,5,-14.150331,True,2.794
5,141,2,m,20,23-May-2016,Sub5_Trial141_0,0,6,6,29.672466,True,2.794
5,141,2,m,20,23-May-2016,Sub5_Trial141_1,1,0,0,-84.569871,False,2.794
5,141,2,m,20,23-May-2016,Sub5_Trial141_1,1,1,1,61.278961,False,2.794
5,141,2,m,20,23-May-2016,Sub5_Trial141_1,1,2,2,11.751021,False,2.794
5,141,2,m,20,23-May-2016,Sub5_Trial141_1,1,3,3,55.369124,False,2.794
5,141,2,m,20,23-May-2016,Sub5_Trial141_1,1,4,4,44.508128,False,2.794
5,141,2,m,20,23-May-2016,Sub5_Trial141_1,1,5,5,29.857893,False,2.794
5,141,2,m,20,23-May-2016,Sub5_Trial141_1,1,6,6,-5.879268,False,2.794
5,142,2,m,20,23-May-2016,Sub5_Trial142_0,0,0,0,-95.425852,False,1.079
5,142,2,m,20,23-May-2016,Sub5_Trial142_0,0,1,1,-113.012296,False,1.079
5,142,2,m,20,23-May-2016,Sub5_Trial142_0,0,2,2,7.246109000000001,False,1.079
5,142,2,m,20,23-May-2016,Sub5_Trial142_0,0,3,3,48.987527,False,1.079
5,142,2,m,20,23-May-2016,Sub5_Trial142_0,0,4,4,-128.605935,False,1.079
5,142,2,m,20,23-May-2016,Sub5_Trial142_0,0,5,5,48.64088699999999,False,1.079
5,142,2,m,20,23-May-2016,Sub5_Trial142_0,0,6,6,32.669787,False,1.079
5,142,2,m,20,23-May-2016,Sub5_Trial142_1,1,0,0,-54.632420999999994,True,1.079
5,142,2,m,20,23-May-2016,Sub5_Trial142_1,1,1,1,55.404444,True,1.079
5,142,2,m,20,23-May-2016,Sub5_Trial142_1,1,2,2,47.723788,True,1.079
5,142,2,m,20,23-May-2016,Sub5_Trial142_1,1,3,3,48.531128,True,1.079
5,142,2,m,20,23-May-2016,Sub5_Trial142_1,1,4,4,56.585272,True,1.079
5,142,2,m,20,23-May-2016,Sub5_Trial142_1,1,5,5,129.098895,True,1.079
5,142,2,m,20,23-May-2016,Sub5_Trial142_1,1,6,6,-114.080805,True,1.079
5,143,2,m,20,23-May-2016,Sub5_Trial143_0,0,0,0,-29.792226,True,1.811
5,143,2,m,20,23-May-2016,Sub5_Trial143_0,0,1,1,66.985832,True,1.811
5,143,2,m,20,23-May-2016,Sub5_Trial143_0,0,2,2,39.192916,True,1.811
5,143,2,m,20,23-May-2016,Sub5_Trial143_0,0,3,3,98.569287,True,1.811
5,143,2,m,20,23-May-2016,Sub5_Trial143_0,0,4,4,128.499927,True,1.811
5,143,2,m,20,23-May-2016,Sub5_Trial143_0,0,5,5,-30.763734,True,1.811
5,143,2,m,20,23-May-2016,Sub5_Trial143_0,0,6,6,23.223404000000002,True,1.811
5,143,2,m,20,23-May-2016,Sub5_Trial143_1,1,0,0,-29.785280999999998,False,1.811
5,143,2,m,20,23-May-2016,Sub5_Trial143_1,1,1,1,28.435349,False,1.811
5,143,2,m,20,23-May-2016,Sub5_Trial143_1,1,2,2,139.338985,False,1.811
5,143,2,m,20,23-May-2016,Sub5_Trial143_1,1,3,3,96.39815,False,1.811
5,143,2,m,20,23-May-2016,Sub5_Trial143_1,1,4,4,56.895844,False,1.811
5,143,2,m,20,23-May-2016,Sub5_Trial143_1,1,5,5,-59.249133,False,1.811
5,143,2,m,20,23-May-2016,Sub5_Trial143_1,1,6,6,-33.895061,False,1.811
5,144,2,m,20,23-May-2016,Sub5_Trial144_0,0,0,0,1.6214590000000015,False,1.774
5,144,2,m,20,23-May-2016,Sub5_Trial144_0,0,1,1,54.181116,False,1.774
5,144,2,m,20,23-May-2016,Sub5_Trial144_0,0,2,2,-37.20178,False,1.774
5,144,2,m,20,23-May-2016,Sub5_Trial144_0,0,3,3,-68.230332,False,1.774
5,144,2,m,20,23-May-2016,Sub5_Trial144_0,0,4,4,94.26339,False,1.774
5,144,2,m,20,23-May-2016,Sub5_Trial144_0,0,5,5,-72.765438,False,1.774
5,144,2,m,20,23-May-2016,Sub5_Trial144_0,0,6,6,33.473093,False,1.774
5,144,2,m,20,23-May-2016,Sub5_Trial144_1,1,0,0,8.712710999999999,True,1.774
5,144,2,m,20,23-May-2016,Sub5_Trial144_1,1,1,1,84.267437,True,1.774
5,144,2,m,20,23-May-2016,Sub5_Trial144_1,1,2,2,-21.661425,True,1.774
5,144,2,m,20,23-May-2016,Sub5_Trial144_1,1,3,3,99.9763,True,1.774
5,144,2,m,20,23-May-2016,Sub5_Trial144_1,1,4,4,-136.11251,True,1.774
5,144,2,m,20,23-May-2016,Sub5_Trial144_1,1,5,5,-56.683706,True,1.774
5,144,2,m,20,23-May-2016,Sub5_Trial144_1,1,6,6,-32.371624,True,1.774
5,145,2,m,20,23-May-2016,Sub5_Trial145_0,0,0,0,9.385694,False,2.378
5,145,2,m,20,23-May-2016,Sub5_Trial145_0,0,1,1,55.14238,False,2.378
5,145,2,m,20,23-May-2016,Sub5_Trial145_0,0,2,2,81.319855,False,2.378
5,145,2,m,20,23-May-2016,Sub5_Trial145_0,0,3,3,-136.024937,False,2.378
5,145,2,m,20,23-May-2016,Sub5_Trial145_0,0,4,4,32.036354,False,2.378
5,145,2,m,20,23-May-2016,Sub5_Trial145_0,0,5,5,81.314073,False,2.378
5,145,2,m,20,23-May-2016,Sub5_Trial145_0,0,6,6,96.648876,False,2.378
5,145,2,m,20,23-May-2016,Sub5_Trial145_1,1,0,0,-3.8354250000000008,True,2.378
5,145,2,m,20,23-May-2016,Sub5_Trial145_1,1,1,1,0.9835700000000003,True,2.378
5,145,2,m,20,23-May-2016,Sub5_Trial145_1,1,2,2,73.119557,True,2.378
5,145,2,m,20,23-May-2016,Sub5_Trial145_1,1,3,3,106.263286,True,2.378
5,145,2,m,20,23-May-2016,Sub5_Trial145_1,1,4,4,26.451765,True,2.378
5,145,2,m,20,23-May-2016,Sub5_Trial145_1,1,5,5,82.981217,True,2.378
5,145,2,m,20,23-May-2016,Sub5_Trial145_1,1,6,6,69.936959,True,2.378
5,146,2,m,20,23-May-2016,Sub5_Trial146_0,0,0,0,-19.234887999999998,True,1.199
5,146,2,m,20,23-May-2016,Sub5_Trial146_0,0,1,1,106.549391,True,1.199
5,146,2,m,20,23-May-2016,Sub5_Trial146_0,0,2,2,85.315664,True,1.199
5,146,2,m,20,23-May-2016,Sub5_Trial146_0,0,3,3,-16.780266999999995,True,1.199
5,146,2,m,20,23-May-2016,Sub5_Trial146_0,0,4,4,140.782688,True,1.199
5,146,2,m,20,23-May-2016,Sub5_Trial146_0,0,5,5,135.16307,True,1.199
5,146,2,m,20,23-May-2016,Sub5_Trial146_0,0,6,6,-13.31015,True,1.199
5,146,2,m,20,23-May-2016,Sub5_Trial146_1,1,0,0,-107.396492,False,1.199
5,146,2,m,20,23-May-2016,Sub5_Trial146_1,1,1,1,68.373061,False,1.199
5,146,2,m,20,23-May-2016,Sub5_Trial146_1,1,2,2,-8.408157,False,1.199
5,146,2,m,20,23-May-2016,Sub5_Trial146_1,1,3,3,-63.616359,False,1.199
5,146,2,m,20,23-May-2016,Sub5_Trial146_1,1,4,4,-33.188481,False,1.199
5,146,2,m,20,23-May-2016,Sub5_Trial146_1,1,5,5,81.982733,False,1.199
5,146,2,m,20,23-May-2016,Sub5_Trial146_1,1,6,6,-32.352327,False,1.199
5,147,2,m,20,23-May-2016,Sub5_Trial147_0,0,0,0,53.687383,False,0.845
5,147,2,m,20,23-May-2016,Sub5_Trial147_0,0,1,1,-86.794894,False,0.845
5,147,2,m,20,23-May-2016,Sub5_Trial147_0,0,2,2,24.58806,False,0.845
5,147,2,m,20,23-May-2016,Sub5_Trial147_0,0,3,3,-3.905735,False,0.845
5,147,2,m,20,23-May-2016,Sub5_Trial147_0,0,4,4,-24.485995000000003,False,0.845
5,147,2,m,20,23-May-2016,Sub5_Trial147_0,0,5,5,-141.391474,False,0.845
5,147,2,m,20,23-May-2016,Sub5_Trial147_0,0,6,6,-7.802088999999999,False,0.845
5,147,2,m,20,23-May-2016,Sub5_Trial147_1,1,0,0,-47.798976,True,0.845
5,147,2,m,20,23-May-2016,Sub5_Trial147_1,1,1,1,-118.337325,True,0.845
5,147,2,m,20,23-May-2016,Sub5_Trial147_1,1,2,2,1.4227950000000007,True,0.845
5,147,2,m,20,23-May-2016,Sub5_Trial147_1,1,3,3,58.030699,True,0.845
5,147,2,m,20,23-May-2016,Sub5_Trial147_1,1,4,4,57.432615999999996,True,0.845
5,147,2,m,20,23-May-2016,Sub5_Trial147_1,1,5,5,3.478145999999999,True,0.845
5,147,2,m,20,23-May-2016,Sub5_Trial147_1,1,6,6,-79.018531,True,0.845
5,148,2,m,20,23-May-2016,Sub5_Trial148_0,0,0,0,-52.084676,False,0.726
5,148,2,m,20,23-May-2016,Sub5_Trial148_0,0,1,1,-38.304295,False,0.726
5,148,2,m,20,23-May-2016,Sub5_Trial148_0,0,2,2,13.097929,False,0.726
5,148,2,m,20,23-May-2016,Sub5_Trial148_0,0,3,3,-80.605897,False,0.726
5,148,2,m,20,23-May-2016,Sub5_Trial148_0,0,4,4,-81.714306,False,0.726
5,148,2,m,20,23-May-2016,Sub5_Trial148_0,0,5,5,-83.934324,False,0.726
5,148,2,m,20,23-May-2016,Sub5_Trial148_0,0,6,6,85.170883,False,0.726
5,148,2,m,20,23-May-2016,Sub5_Trial148_1,1,0,0,-52.802759,True,0.726
5,148,2,m,20,23-May-2016,Sub5_Trial148_1,1,1,1,58.839659,True,0.726
5,148,2,m,20,23-May-2016,Sub5_Trial148_1,1,2,2,26.542097999999996,True,0.726
5,148,2,m,20,23-May-2016,Sub5_Trial148_1,1,3,3,-75.042018,True,0.726
5,148,2,m,20,23-May-2016,Sub5_Trial148_1,1,4,4,51.063665,True,0.726
5,148,2,m,20,23-May-2016,Sub5_Trial148_1,1,5,5,-28.078326,True,0.726
5,148,2,m,20,23-May-2016,Sub5_Trial148_1,1,6,6,37.549554,True,0.726
5,149,2,m,20,23-May-2016,Sub5_Trial149_0,0,0,0,-50.273744,True,0.915
5,149,2,m,20,23-May-2016,Sub5_Trial149_0,0,1,1,115.438297,True,0.915
5,149,2,m,20,23-May-2016,Sub5_Trial149_0,0,2,2,-8.198137,True,0.915
5,149,2,m,20,23-May-2016,Sub5_Trial149_0,0,3,3,-19.311027,True,0.915
5,149,2,m,20,23-May-2016,Sub5_Trial149_0,0,4,4,-50.331584,True,0.915
5,149,2,m,20,23-May-2016,Sub5_Trial149_0,0,5,5,-31.115423,True,0.915
5,149,2,m,20,23-May-2016,Sub5_Trial149_0,0,6,6,5.065066000000002,True,0.915
5,149,2,m,20,23-May-2016,Sub5_Trial149_1,1,0,0,-122.975423,False,0.915
5,149,2,m,20,23-May-2016,Sub5_Trial149_1,1,1,1,-112.128334,False,0.915
5,149,2,m,20,23-May-2016,Sub5_Trial149_1,1,2,2,-8.597952,False,0.915
5,149,2,m,20,23-May-2016,Sub5_Trial149_1,1,3,3,-47.376993,False,0.915
5,149,2,m,20,23-May-2016,Sub5_Trial149_1,1,4,4,21.137831,False,0.915
5,149,2,m,20,23-May-2016,Sub5_Trial149_1,1,5,5,-44.003241,False,0.915
5,149,2,m,20,23-May-2016,Sub5_Trial149_1,1,6,6,-4.5075980000000015,False,0.915
5,150,2,m,20,23-May-2016,Sub5_Trial150_0,0,0,0,-17.821055,True,0.848
5,150,2,m,20,23-May-2016,Sub5_Trial150_0,0,1,1,26.831232,True,0.848
5,150,2,m,20,23-May-2016,Sub5_Trial150_0,0,2,2,-25.226528000000002,True,0.848
5,150,2,m,20,23-May-2016,Sub5_Trial150_0,0,3,3,45.594788,True,0.848
5,150,2,m,20,23-May-2016,Sub5_Trial150_0,0,4,4,42.800668,True,0.848
5,150,2,m,20,23-May-2016,Sub5_Trial150_0,0,5,5,61.275569,True,0.848
5,150,2,m,20,23-May-2016,Sub5_Trial150_0,0,6,6,141.739258,True,0.848
5,150,2,m,20,23-May-2016,Sub5_Trial150_1,1,0,0,-19.721748,False,0.848
5,150,2,m,20,23-May-2016,Sub5_Trial150_1,1,1,1,126.463299,False,0.848
5,150,2,m,20,23-May-2016,Sub5_Trial150_1,1,2,2,1.5237289999999994,False,0.848
5,150,2,m,20,23-May-2016,Sub5_Trial150_1,1,3,3,6.212999,False,0.848
5,150,2,m,20,23-May-2016,Sub5_Trial150_1,1,4,4,66.947838,False,0.848
5,150,2,m,20,23-May-2016,Sub5_Trial150_1,1,5,5,-65.037929,False,0.848
5,150,2,m,20,23-May-2016,Sub5_Trial150_1,1,6,6,-108.542215,False,0.848
5,151,2,m,20,23-May-2016,Sub5_Trial151_0,0,0,0,-26.048625,True,0.611
5,151,2,m,20,23-May-2016,Sub5_Trial151_0,0,1,1,-124.544785,True,0.611
5,151,2,m,20,23-May-2016,Sub5_Trial151_0,0,2,2,-78.260533,True,0.611
5,151,2,m,20,23-May-2016,Sub5_Trial151_0,0,3,3,23.141484,True,0.611
5,151,2,m,20,23-May-2016,Sub5_Trial151_0,0,4,4,-85.218398,True,0.611
5,151,2,m,20,23-May-2016,Sub5_Trial151_0,0,5,5,30.258511,True,0.611
5,151,2,m,20,23-May-2016,Sub5_Trial151_0,0,6,6,-64.941483,True,0.611
5,151,2,m,20,23-May-2016,Sub5_Trial151_1,1,0,0,32.749252,False,0.611
5,151,2,m,20,23-May-2016,Sub5_Trial151_1,1,1,1,-41.824989,False,0.611
5,151,2,m,20,23-May-2016,Sub5_Trial151_1,1,2,2,-45.14205799999999,False,0.611
5,151,2,m,20,23-May-2016,Sub5_Trial151_1,1,3,3,-50.747574,False,0.611
5,151,2,m,20,23-May-2016,Sub5_Trial151_1,1,4,4,9.824301,False,0.611
5,151,2,m,20,23-May-2016,Sub5_Trial151_1,1,5,5,-3.2029250000000005,False,0.611
5,151,2,m,20,23-May-2016,Sub5_Trial151_1,1,6,6,-41.169462,False,0.611
5,152,2,m,20,23-May-2016,Sub5_Trial152_0,0,0,0,63.705962,True,1.152
5,152,2,m,20,23-May-2016,Sub5_Trial152_0,0,1,1,5.047208000000001,True,1.152
5,152,2,m,20,23-May-2016,Sub5_Trial152_0,0,2,2,45.688301,True,1.152
5,152,2,m,20,23-May-2016,Sub5_Trial152_0,0,3,3,-7.080570999999999,True,1.152
5,152,2,m,20,23-May-2016,Sub5_Trial152_0,0,4,4,51.927593,True,1.152
5,152,2,m,20,23-May-2016,Sub5_Trial152_0,0,5,5,-16.724674,True,1.152
5,152,2,m,20,23-May-2016,Sub5_Trial152_0,0,6,6,39.59575,True,1.152
5,152,2,m,20,23-May-2016,Sub5_Trial152_1,1,0,0,-28.952038,False,1.152
5,152,2,m,20,23-May-2016,Sub5_Trial152_1,1,1,1,111.34623399999998,False,1.152
5,152,2,m,20,23-May-2016,Sub5_Trial152_1,1,2,2,-17.193153,False,1.152
5,152,2,m,20,23-May-2016,Sub5_Trial152_1,1,3,3,4.660039000000001,False,1.152
5,152,2,m,20,23-May-2016,Sub5_Trial152_1,1,4,4,-60.540046,False,1.152
5,152,2,m,20,23-May-2016,Sub5_Trial152_1,1,5,5,38.340613,False,1.152
5,152,2,m,20,23-May-2016,Sub5_Trial152_1,1,6,6,45.39227700000001,False,1.152
5,153,2,m,20,23-May-2016,Sub5_Trial153_0,0,0,0,20.924604000000002,False,0.837
5,153,2,m,20,23-May-2016,Sub5_Trial153_0,0,1,1,-7.889189,False,0.837
5,153,2,m,20,23-May-2016,Sub5_Trial153_0,0,2,2,-34.214664,False,0.837
5,153,2,m,20,23-May-2016,Sub5_Trial153_0,0,3,3,-56.680828,False,0.837
5,153,2,m,20,23-May-2016,Sub5_Trial153_0,0,4,4,73.118358,False,0.837
5,153,2,m,20,23-May-2016,Sub5_Trial153_0,0,5,5,-110.309455,False,0.837
5,153,2,m,20,23-May-2016,Sub5_Trial153_0,0,6,6,-76.075068,False,0.837
5,153,2,m,20,23-May-2016,Sub5_Trial153_1,1,0,0,33.641211,True,0.837
5,153,2,m,20,23-May-2016,Sub5_Trial153_1,1,1,1,33.193391,True,0.837
5,153,2,m,20,23-May-2016,Sub5_Trial153_1,1,2,2,81.84965,True,0.837
5,153,2,m,20,23-May-2016,Sub5_Trial153_1,1,3,3,150.194489,True,0.837
5,153,2,m,20,23-May-2016,Sub5_Trial153_1,1,4,4,21.205405,True,0.837
5,153,2,m,20,23-May-2016,Sub5_Trial153_1,1,5,5,13.412819,True,0.837
5,153,2,m,20,23-May-2016,Sub5_Trial153_1,1,6,6,-16.914476,True,0.837
5,154,2,m,20,23-May-2016,Sub5_Trial154_0,0,0,0,30.784746999999996,True,2.079
5,154,2,m,20,23-May-2016,Sub5_Trial154_0,0,1,1,-36.935673,True,2.079
5,154,2,m,20,23-May-2016,Sub5_Trial154_0,0,2,2,-34.356184,True,2.079
5,154,2,m,20,23-May-2016,Sub5_Trial154_0,0,3,3,31.402844,True,2.079
5,154,2,m,20,23-May-2016,Sub5_Trial154_0,0,4,4,-36.558865,True,2.079
5,154,2,m,20,23-May-2016,Sub5_Trial154_0,0,5,5,62.837895,True,2.079
5,154,2,m,20,23-May-2016,Sub5_Trial154_0,0,6,6,-144.770892,True,2.079
5,154,2,m,20,23-May-2016,Sub5_Trial154_1,1,0,0,-113.320461,False,2.079
5,154,2,m,20,23-May-2016,Sub5_Trial154_1,1,1,1,-59.875024999999994,False,2.079
5,154,2,m,20,23-May-2016,Sub5_Trial154_1,1,2,2,31.005285,False,2.079
5,154,2,m,20,23-May-2016,Sub5_Trial154_1,1,3,3,-41.540608,False,2.079
5,154,2,m,20,23-May-2016,Sub5_Trial154_1,1,4,4,-105.975196,False,2.079
5,154,2,m,20,23-May-2016,Sub5_Trial154_1,1,5,5,-140.517288,False,2.079
5,154,2,m,20,23-May-2016,Sub5_Trial154_1,1,6,6,-1.217333,False,2.079
5,155,2,m,20,23-May-2016,Sub5_Trial155_0,0,0,0,79.608754,False,0.769
5,155,2,m,20,23-May-2016,Sub5_Trial155_0,0,1,1,-27.166650000000004,False,0.769
5,155,2,m,20,23-May-2016,Sub5_Trial155_0,0,2,2,85.177952,False,0.769
5,155,2,m,20,23-May-2016,Sub5_Trial155_0,0,3,3,114.119073,False,0.769
5,155,2,m,20,23-May-2016,Sub5_Trial155_0,0,4,4,-60.974906000000004,False,0.769
5,155,2,m,20,23-May-2016,Sub5_Trial155_0,0,5,5,-4.866593999999999,False,0.769
5,155,2,m,20,23-May-2016,Sub5_Trial155_0,0,6,6,-77.09142,False,0.769
5,155,2,m,20,23-May-2016,Sub5_Trial155_1,1,0,0,-12.020278,True,0.769
5,155,2,m,20,23-May-2016,Sub5_Trial155_1,1,1,1,-4.125788,True,0.769
5,155,2,m,20,23-May-2016,Sub5_Trial155_1,1,2,2,-118.474121,True,0.769
5,155,2,m,20,23-May-2016,Sub5_Trial155_1,1,3,3,-108.198816,True,0.769
5,155,2,m,20,23-May-2016,Sub5_Trial155_1,1,4,4,41.096691,True,0.769
5,155,2,m,20,23-May-2016,Sub5_Trial155_1,1,5,5,43.398973,True,0.769
5,155,2,m,20,23-May-2016,Sub5_Trial155_1,1,6,6,-99.524883,True,0.769
5,156,2,m,20,23-May-2016,Sub5_Trial156_0,0,0,0,-55.292543,True,0.666
5,156,2,m,20,23-May-2016,Sub5_Trial156_0,0,1,1,44.862859,True,0.666
5,156,2,m,20,23-May-2016,Sub5_Trial156_0,0,2,2,-76.272532,True,0.666
5,156,2,m,20,23-May-2016,Sub5_Trial156_0,0,3,3,65.49969,True,0.666
5,156,2,m,20,23-May-2016,Sub5_Trial156_0,0,4,4,125.106686,True,0.666
5,156,2,m,20,23-May-2016,Sub5_Trial156_0,0,5,5,-24.184737,True,0.666
5,156,2,m,20,23-May-2016,Sub5_Trial156_0,0,6,6,52.76076499999999,True,0.666
5,156,2,m,20,23-May-2016,Sub5_Trial156_1,1,0,0,6.756564000000001,False,0.666
5,156,2,m,20,23-May-2016,Sub5_Trial156_1,1,1,1,-41.177282,False,0.666
5,156,2,m,20,23-May-2016,Sub5_Trial156_1,1,2,2,92.43695,False,0.666
5,156,2,m,20,23-May-2016,Sub5_Trial156_1,1,3,3,2.8185390000000012,False,0.666
5,156,2,m,20,23-May-2016,Sub5_Trial156_1,1,4,4,66.351786,False,0.666
5,156,2,m,20,23-May-2016,Sub5_Trial156_1,1,5,5,-10.165911000000001,False,0.666
5,156,2,m,20,23-May-2016,Sub5_Trial156_1,1,6,6,-7.946266999999999,False,0.666
5,157,2,m,20,23-May-2016,Sub5_Trial157_0,0,0,0,-20.755169,True,0.882
5,157,2,m,20,23-May-2016,Sub5_Trial157_0,0,1,1,-143.457252,True,0.882
5,157,2,m,20,23-May-2016,Sub5_Trial157_0,0,2,2,-32.699912,True,0.882
5,157,2,m,20,23-May-2016,Sub5_Trial157_0,0,3,3,-12.305449,True,0.882
5,157,2,m,20,23-May-2016,Sub5_Trial157_0,0,4,4,-61.878175,True,0.882
5,157,2,m,20,23-May-2016,Sub5_Trial157_0,0,5,5,34.901595,True,0.882
5,157,2,m,20,23-May-2016,Sub5_Trial157_0,0,6,6,55.24300600000001,True,0.882
5,157,2,m,20,23-May-2016,Sub5_Trial157_1,1,0,0,-110.29592500000001,False,0.882
5,157,2,m,20,23-May-2016,Sub5_Trial157_1,1,1,1,-37.317981,False,0.882
5,157,2,m,20,23-May-2016,Sub5_Trial157_1,1,2,2,129.531282,False,0.882
5,157,2,m,20,23-May-2016,Sub5_Trial157_1,1,3,3,-53.754451,False,0.882
5,157,2,m,20,23-May-2016,Sub5_Trial157_1,1,4,4,-30.589655,False,0.882
5,157,2,m,20,23-May-2016,Sub5_Trial157_1,1,5,5,5.325175,False,0.882
5,157,2,m,20,23-May-2016,Sub5_Trial157_1,1,6,6,-93.21235,False,0.882
5,158,2,m,20,23-May-2016,Sub5_Trial158_0,0,0,0,-35.270455,True,0.849
5,158,2,m,20,23-May-2016,Sub5_Trial158_0,0,1,1,18.373455,True,0.849
5,158,2,m,20,23-May-2016,Sub5_Trial158_0,0,2,2,-31.577512,True,0.849
5,158,2,m,20,23-May-2016,Sub5_Trial158_0,0,3,3,-6.4231690000000015,True,0.849
5,158,2,m,20,23-May-2016,Sub5_Trial158_0,0,4,4,-136.146859,True,0.849
5,158,2,m,20,23-May-2016,Sub5_Trial158_0,0,5,5,64.79068,True,0.849
5,158,2,m,20,23-May-2016,Sub5_Trial158_0,0,6,6,-137.710305,True,0.849
5,158,2,m,20,23-May-2016,Sub5_Trial158_1,1,0,0,19.425965000000005,False,0.849
5,158,2,m,20,23-May-2016,Sub5_Trial158_1,1,1,1,-53.0427,False,0.849
5,158,2,m,20,23-May-2016,Sub5_Trial158_1,1,2,2,-15.012795,False,0.849
5,158,2,m,20,23-May-2016,Sub5_Trial158_1,1,3,3,81.795331,False,0.849
5,158,2,m,20,23-May-2016,Sub5_Trial158_1,1,4,4,24.687787,False,0.849
5,158,2,m,20,23-May-2016,Sub5_Trial158_1,1,5,5,-16.267375,False,0.849
5,158,2,m,20,23-May-2016,Sub5_Trial158_1,1,6,6,-128.675767,False,0.849
5,159,2,m,20,23-May-2016,Sub5_Trial159_0,0,0,0,52.910818000000006,True,0.941
5,159,2,m,20,23-May-2016,Sub5_Trial159_0,0,1,1,-99.358348,True,0.941
5,159,2,m,20,23-May-2016,Sub5_Trial159_0,0,2,2,-26.286066,True,0.941
5,159,2,m,20,23-May-2016,Sub5_Trial159_0,0,3,3,115.363933,True,0.941
5,159,2,m,20,23-May-2016,Sub5_Trial159_0,0,4,4,42.864463,True,0.941
5,159,2,m,20,23-May-2016,Sub5_Trial159_0,0,5,5,8.054681000000002,True,0.941
5,159,2,m,20,23-May-2016,Sub5_Trial159_0,0,6,6,17.877012,True,0.941
5,159,2,m,20,23-May-2016,Sub5_Trial159_1,1,0,0,-80.131184,False,0.941
5,159,2,m,20,23-May-2016,Sub5_Trial159_1,1,1,1,59.603177,False,0.941
5,159,2,m,20,23-May-2016,Sub5_Trial159_1,1,2,2,-29.534902000000002,False,0.941
5,159,2,m,20,23-May-2016,Sub5_Trial159_1,1,3,3,-36.232009,False,0.941
5,159,2,m,20,23-May-2016,Sub5_Trial159_1,1,4,4,-68.57128,False,0.941
5,159,2,m,20,23-May-2016,Sub5_Trial159_1,1,5,5,-62.03698,False,0.941
5,159,2,m,20,23-May-2016,Sub5_Trial159_1,1,6,6,56.920453,False,0.941
5,160,2,m,20,23-May-2016,Sub5_Trial160_0,0,0,0,-46.898599,False,2.368
5,160,2,m,20,23-May-2016,Sub5_Trial160_0,0,1,1,-0.6491159999999994,False,2.368
5,160,2,m,20,23-May-2016,Sub5_Trial160_0,0,2,2,-67.799429,False,2.368
5,160,2,m,20,23-May-2016,Sub5_Trial160_0,0,3,3,13.748606000000002,False,2.368
5,160,2,m,20,23-May-2016,Sub5_Trial160_0,0,4,4,-84.028984,False,2.368
5,160,2,m,20,23-May-2016,Sub5_Trial160_0,0,5,5,12.828125999999997,False,2.368
5,160,2,m,20,23-May-2016,Sub5_Trial160_0,0,6,6,-43.09173,False,2.368
5,160,2,m,20,23-May-2016,Sub5_Trial160_1,1,0,0,-80.211461,True,2.368
5,160,2,m,20,23-May-2016,Sub5_Trial160_1,1,1,1,-150.966185,True,2.368
5,160,2,m,20,23-May-2016,Sub5_Trial160_1,1,2,2,144.954336,True,2.368
5,160,2,m,20,23-May-2016,Sub5_Trial160_1,1,3,3,-37.137708,True,2.368
5,160,2,m,20,23-May-2016,Sub5_Trial160_1,1,4,4,-3.353324999999998,True,2.368
5,160,2,m,20,23-May-2016,Sub5_Trial160_1,1,5,5,84.268922,True,2.368
5,160,2,m,20,23-May-2016,Sub5_Trial160_1,1,6,6,65.844746,True,2.368
5,161,2,m,20,23-May-2016,Sub5_Trial161_0,0,0,0,43.237984,True,1.677
5,161,2,m,20,23-May-2016,Sub5_Trial161_0,0,1,1,34.746954,True,1.677
5,161,2,m,20,23-May-2016,Sub5_Trial161_0,0,2,2,5.127873000000001,True,1.677
5,161,2,m,20,23-May-2016,Sub5_Trial161_0,0,3,3,-0.3027869999999986,True,1.677
5,161,2,m,20,23-May-2016,Sub5_Trial161_0,0,4,4,-44.616127,True,1.677
5,161,2,m,20,23-May-2016,Sub5_Trial161_0,0,5,5,-27.844701,True,1.677
5,161,2,m,20,23-May-2016,Sub5_Trial161_0,0,6,6,42.127175,True,1.677
5,161,2,m,20,23-May-2016,Sub5_Trial161_1,1,0,0,-50.98626899999999,False,1.677
5,161,2,m,20,23-May-2016,Sub5_Trial161_1,1,1,1,21.632155,False,1.677
5,161,2,m,20,23-May-2016,Sub5_Trial161_1,1,2,2,-93.243913,False,1.677
5,161,2,m,20,23-May-2016,Sub5_Trial161_1,1,3,3,29.11696,False,1.677
5,161,2,m,20,23-May-2016,Sub5_Trial161_1,1,4,4,-135.322663,False,1.677
5,161,2,m,20,23-May-2016,Sub5_Trial161_1,1,5,5,-87.951678,False,1.677
5,161,2,m,20,23-May-2016,Sub5_Trial161_1,1,6,6,-29.003394999999998,False,1.677
5,162,2,m,20,23-May-2016,Sub5_Trial162_0,0,0,0,19.196184000000002,False,4.221
5,162,2,m,20,23-May-2016,Sub5_Trial162_0,0,1,1,-52.216879,False,4.221
5,162,2,m,20,23-May-2016,Sub5_Trial162_0,0,2,2,41.958161,False,4.221
5,162,2,m,20,23-May-2016,Sub5_Trial162_0,0,3,3,106.945245,False,4.221
5,162,2,m,20,23-May-2016,Sub5_Trial162_0,0,4,4,94.130922,False,4.221
5,162,2,m,20,23-May-2016,Sub5_Trial162_0,0,5,5,27.693213,False,4.221
5,162,2,m,20,23-May-2016,Sub5_Trial162_0,0,6,6,17.039408,False,4.221
5,162,2,m,20,23-May-2016,Sub5_Trial162_1,1,0,0,-10.407525,True,4.221
5,162,2,m,20,23-May-2016,Sub5_Trial162_1,1,1,1,66.125788,True,4.221
5,162,2,m,20,23-May-2016,Sub5_Trial162_1,1,2,2,-33.924347,True,4.221
5,162,2,m,20,23-May-2016,Sub5_Trial162_1,1,3,3,-135.025387,True,4.221
5,162,2,m,20,23-May-2016,Sub5_Trial162_1,1,4,4,-31.770216000000005,True,4.221
5,162,2,m,20,23-May-2016,Sub5_Trial162_1,1,5,5,68.94816,True,4.221
5,162,2,m,20,23-May-2016,Sub5_Trial162_1,1,6,6,55.251524,True,4.221
5,163,2,m,20,23-May-2016,Sub5_Trial163_0,0,0,0,65.516673,False,1.038
5,163,2,m,20,23-May-2016,Sub5_Trial163_0,0,1,1,19.392732,False,1.038
5,163,2,m,20,23-May-2016,Sub5_Trial163_0,0,2,2,-66.959368,False,1.038
5,163,2,m,20,23-May-2016,Sub5_Trial163_0,0,3,3,-60.754655,False,1.038
5,163,2,m,20,23-May-2016,Sub5_Trial163_0,0,4,4,-7.561793999999999,False,1.038
5,163,2,m,20,23-May-2016,Sub5_Trial163_0,0,5,5,-19.360038000000003,False,1.038
5,163,2,m,20,23-May-2016,Sub5_Trial163_0,0,6,6,101.849882,False,1.038
5,163,2,m,20,23-May-2016,Sub5_Trial163_1,1,0,0,152.751736,True,1.038
5,163,2,m,20,23-May-2016,Sub5_Trial163_1,1,1,1,-17.692621,True,1.038
5,163,2,m,20,23-May-2016,Sub5_Trial163_1,1,2,2,-42.544605,True,1.038
5,163,2,m,20,23-May-2016,Sub5_Trial163_1,1,3,3,-72.482421,True,1.038
5,163,2,m,20,23-May-2016,Sub5_Trial163_1,1,4,4,15.498435999999998,True,1.038
5,163,2,m,20,23-May-2016,Sub5_Trial163_1,1,5,5,-4.142907000000001,True,1.038
5,163,2,m,20,23-May-2016,Sub5_Trial163_1,1,6,6,-64.267602,True,1.038
5,164,2,m,20,23-May-2016,Sub5_Trial164_0,0,0,0,-142.258533,False,3.049
5,164,2,m,20,23-May-2016,Sub5_Trial164_0,0,1,1,35.484139,False,3.049
5,164,2,m,20,23-May-2016,Sub5_Trial164_0,0,2,2,34.651283,False,3.049
5,164,2,m,20,23-May-2016,Sub5_Trial164_0,0,3,3,0.012858000000001368,False,3.049
5,164,2,m,20,23-May-2016,Sub5_Trial164_0,0,4,4,24.003127,False,3.049
5,164,2,m,20,23-May-2016,Sub5_Trial164_0,0,5,5,42.410936,False,3.049
5,164,2,m,20,23-May-2016,Sub5_Trial164_0,0,6,6,-144.951488,False,3.049
5,164,2,m,20,23-May-2016,Sub5_Trial164_1,1,0,0,-35.372815,True,3.049
5,164,2,m,20,23-May-2016,Sub5_Trial164_1,1,1,1,-109.154861,True,3.049
5,164,2,m,20,23-May-2016,Sub5_Trial164_1,1,2,2,94.409547,True,3.049
5,164,2,m,20,23-May-2016,Sub5_Trial164_1,1,3,3,-20.957777,True,3.049
5,164,2,m,20,23-May-2016,Sub5_Trial164_1,1,4,4,-60.583129,True,3.049
5,164,2,m,20,23-May-2016,Sub5_Trial164_1,1,5,5,33.407842,True,3.049
5,164,2,m,20,23-May-2016,Sub5_Trial164_1,1,6,6,33.592539,True,3.049
5,165,2,m,20,23-May-2016,Sub5_Trial165_0,0,0,0,42.601904,False,0.868
5,165,2,m,20,23-May-2016,Sub5_Trial165_0,0,1,1,-31.653768,False,0.868
5,165,2,m,20,23-May-2016,Sub5_Trial165_0,0,2,2,-22.19643,False,0.868
5,165,2,m,20,23-May-2016,Sub5_Trial165_0,0,3,3,-98.340682,False,0.868
5,165,2,m,20,23-May-2016,Sub5_Trial165_0,0,4,4,-3.9885990000000007,False,0.868
5,165,2,m,20,23-May-2016,Sub5_Trial165_0,0,5,5,-20.845498,False,0.868
5,165,2,m,20,23-May-2016,Sub5_Trial165_0,0,6,6,76.567749,False,0.868
5,165,2,m,20,23-May-2016,Sub5_Trial165_1,1,0,0,-27.900227,True,0.868
5,165,2,m,20,23-May-2016,Sub5_Trial165_1,1,1,1,-69.44364,True,0.868
5,165,2,m,20,23-May-2016,Sub5_Trial165_1,1,2,2,-81.620432,True,0.868
5,165,2,m,20,23-May-2016,Sub5_Trial165_1,1,3,3,60.230346,True,0.868
5,165,2,m,20,23-May-2016,Sub5_Trial165_1,1,4,4,4.238073,True,0.868
5,165,2,m,20,23-May-2016,Sub5_Trial165_1,1,5,5,79.685558,True,0.868
5,165,2,m,20,23-May-2016,Sub5_Trial165_1,1,6,6,8.320998,True,0.868
5,166,2,m,20,23-May-2016,Sub5_Trial166_0,0,0,0,-107.293739,True,1.97
5,166,2,m,20,23-May-2016,Sub5_Trial166_0,0,1,1,12.2338,True,1.97
5,166,2,m,20,23-May-2016,Sub5_Trial166_0,0,2,2,19.92398,True,1.97
5,166,2,m,20,23-May-2016,Sub5_Trial166_0,0,3,3,17.954855,True,1.97
5,166,2,m,20,23-May-2016,Sub5_Trial166_0,0,4,4,-8.339406,True,1.97
5,166,2,m,20,23-May-2016,Sub5_Trial166_0,0,5,5,-8.887504,True,1.97
5,166,2,m,20,23-May-2016,Sub5_Trial166_0,0,6,6,-105.166348,True,1.97
5,166,2,m,20,23-May-2016,Sub5_Trial166_1,1,0,0,-15.923418,False,1.97
5,166,2,m,20,23-May-2016,Sub5_Trial166_1,1,1,1,-14.83956,False,1.97
5,166,2,m,20,23-May-2016,Sub5_Trial166_1,1,2,2,86.033597,False,1.97
5,166,2,m,20,23-May-2016,Sub5_Trial166_1,1,3,3,-37.832728,False,1.97
5,166,2,m,20,23-May-2016,Sub5_Trial166_1,1,4,4,-51.449167,False,1.97
5,166,2,m,20,23-May-2016,Sub5_Trial166_1,1,5,5,-50.80142,False,1.97
5,166,2,m,20,23-May-2016,Sub5_Trial166_1,1,6,6,23.198324,False,1.97
5,167,2,m,20,23-May-2016,Sub5_Trial167_0,0,0,0,-40.288665,False,0.78
5,167,2,m,20,23-May-2016,Sub5_Trial167_0,0,1,1,37.844801,False,0.78
5,167,2,m,20,23-May-2016,Sub5_Trial167_0,0,2,2,123.124464,False,0.78
5,167,2,m,20,23-May-2016,Sub5_Trial167_0,0,3,3,-21.983865,False,0.78
5,167,2,m,20,23-May-2016,Sub5_Trial167_0,0,4,4,56.867401,False,0.78
5,167,2,m,20,23-May-2016,Sub5_Trial167_0,0,5,5,41.64691,False,0.78
5,167,2,m,20,23-May-2016,Sub5_Trial167_0,0,6,6,24.693601,False,0.78
5,167,2,m,20,23-May-2016,Sub5_Trial167_1,1,0,0,-18.163989,True,0.78
5,167,2,m,20,23-May-2016,Sub5_Trial167_1,1,1,1,54.833049,True,0.78
5,167,2,m,20,23-May-2016,Sub5_Trial167_1,1,2,2,36.791687,True,0.78
5,167,2,m,20,23-May-2016,Sub5_Trial167_1,1,3,3,-61.170336,True,0.78
5,167,2,m,20,23-May-2016,Sub5_Trial167_1,1,4,4,-40.877513,True,0.78
5,167,2,m,20,23-May-2016,Sub5_Trial167_1,1,5,5,152.029404,True,0.78
5,167,2,m,20,23-May-2016,Sub5_Trial167_1,1,6,6,33.900258,True,0.78
5,168,2,m,20,23-May-2016,Sub5_Trial168_0,0,0,0,-22.292474999999996,True,1.941
5,168,2,m,20,23-May-2016,Sub5_Trial168_0,0,1,1,32.371187,True,1.941
5,168,2,m,20,23-May-2016,Sub5_Trial168_0,0,2,2,31.027596,True,1.941
5,168,2,m,20,23-May-2016,Sub5_Trial168_0,0,3,3,5.595003999999999,True,1.941
5,168,2,m,20,23-May-2016,Sub5_Trial168_0,0,4,4,-60.404663,True,1.941
5,168,2,m,20,23-May-2016,Sub5_Trial168_0,0,5,5,-8.636493000000002,True,1.941
5,168,2,m,20,23-May-2016,Sub5_Trial168_0,0,6,6,77.724082,True,1.941
5,168,2,m,20,23-May-2016,Sub5_Trial168_1,1,0,0,43.980691,False,1.941
5,168,2,m,20,23-May-2016,Sub5_Trial168_1,1,1,1,11.946680999999998,False,1.941
5,168,2,m,20,23-May-2016,Sub5_Trial168_1,1,2,2,110.79508099999998,False,1.941
5,168,2,m,20,23-May-2016,Sub5_Trial168_1,1,3,3,134.00643,False,1.941
5,168,2,m,20,23-May-2016,Sub5_Trial168_1,1,4,4,137.250644,False,1.941
5,168,2,m,20,23-May-2016,Sub5_Trial168_1,1,5,5,-128.091271,False,1.941
5,168,2,m,20,23-May-2016,Sub5_Trial168_1,1,6,6,90.009512,False,1.941
5,169,2,m,20,23-May-2016,Sub5_Trial169_0,0,0,0,-82.934889,True,1.742
5,169,2,m,20,23-May-2016,Sub5_Trial169_0,0,1,1,-57.394401,True,1.742
5,169,2,m,20,23-May-2016,Sub5_Trial169_0,0,2,2,-6.138309,True,1.742
5,169,2,m,20,23-May-2016,Sub5_Trial169_0,0,3,3,26.364160999999996,True,1.742
5,169,2,m,20,23-May-2016,Sub5_Trial169_0,0,4,4,54.012452999999994,True,1.742
5,169,2,m,20,23-May-2016,Sub5_Trial169_0,0,5,5,120.99214,True,1.742
5,169,2,m,20,23-May-2016,Sub5_Trial169_0,0,6,6,-67.967298,True,1.742
5,169,2,m,20,23-May-2016,Sub5_Trial169_1,1,0,0,53.909272,False,1.742
5,169,2,m,20,23-May-2016,Sub5_Trial169_1,1,1,1,105.48052,False,1.742
5,169,2,m,20,23-May-2016,Sub5_Trial169_1,1,2,2,21.676039,False,1.742
5,169,2,m,20,23-May-2016,Sub5_Trial169_1,1,3,3,-46.57328100000001,False,1.742
5,169,2,m,20,23-May-2016,Sub5_Trial169_1,1,4,4,30.39632,False,1.742
5,169,2,m,20,23-May-2016,Sub5_Trial169_1,1,5,5,40.369479,False,1.742
5,169,2,m,20,23-May-2016,Sub5_Trial169_1,1,6,6,-36.363871,False,1.742
5,170,2,m,20,23-May-2016,Sub5_Trial170_0,0,0,0,-38.813024,False,1.168
5,170,2,m,20,23-May-2016,Sub5_Trial170_0,0,1,1,-36.76844,False,1.168
5,170,2,m,20,23-May-2016,Sub5_Trial170_0,0,2,2,-63.308052,False,1.168
5,170,2,m,20,23-May-2016,Sub5_Trial170_0,0,3,3,-62.232017,False,1.168
5,170,2,m,20,23-May-2016,Sub5_Trial170_0,0,4,4,27.191922,False,1.168
5,170,2,m,20,23-May-2016,Sub5_Trial170_0,0,5,5,-12.986173,False,1.168
5,170,2,m,20,23-May-2016,Sub5_Trial170_0,0,6,6,11.863152,False,1.168
5,170,2,m,20,23-May-2016,Sub5_Trial170_1,1,0,0,88.630436,True,1.168
5,170,2,m,20,23-May-2016,Sub5_Trial170_1,1,1,1,135.006529,True,1.168
5,170,2,m,20,23-May-2016,Sub5_Trial170_1,1,2,2,75.270986,True,1.168
5,170,2,m,20,23-May-2016,Sub5_Trial170_1,1,3,3,42.050844,True,1.168
5,170,2,m,20,23-May-2016,Sub5_Trial170_1,1,4,4,120.80888199999998,True,1.168
5,170,2,m,20,23-May-2016,Sub5_Trial170_1,1,5,5,46.44183699999999,True,1.168
5,170,2,m,20,23-May-2016,Sub5_Trial170_1,1,6,6,151.038202,True,1.168
5,171,2,m,20,23-May-2016,Sub5_Trial171_0,0,0,0,55.3689,False,1.15
5,171,2,m,20,23-May-2016,Sub5_Trial171_0,0,1,1,-13.716677000000004,False,1.15
5,171,2,m,20,23-May-2016,Sub5_Trial171_0,0,2,2,-47.231100999999995,False,1.15
5,171,2,m,20,23-May-2016,Sub5_Trial171_0,0,3,3,71.172718,False,1.15
5,171,2,m,20,23-May-2016,Sub5_Trial171_0,0,4,4,29.267656,False,1.15
5,171,2,m,20,23-May-2016,Sub5_Trial171_0,0,5,5,-20.806847000000005,False,1.15
5,171,2,m,20,23-May-2016,Sub5_Trial171_0,0,6,6,-53.275198,False,1.15
5,171,2,m,20,23-May-2016,Sub5_Trial171_1,1,0,0,17.570808999999997,True,1.15
5,171,2,m,20,23-May-2016,Sub5_Trial171_1,1,1,1,-117.797068,True,1.15
5,171,2,m,20,23-May-2016,Sub5_Trial171_1,1,2,2,-1.2094729999999991,True,1.15
5,171,2,m,20,23-May-2016,Sub5_Trial171_1,1,3,3,-108.701404,True,1.15
5,171,2,m,20,23-May-2016,Sub5_Trial171_1,1,4,4,-146.709234,True,1.15
5,171,2,m,20,23-May-2016,Sub5_Trial171_1,1,5,5,73.308312,True,1.15
5,171,2,m,20,23-May-2016,Sub5_Trial171_1,1,6,6,21.817378000000005,True,1.15
5,172,2,m,20,23-May-2016,Sub5_Trial172_0,0,0,0,-10.891570999999999,False,1.024
5,172,2,m,20,23-May-2016,Sub5_Trial172_0,0,1,1,4.395984,False,1.024
5,172,2,m,20,23-May-2016,Sub5_Trial172_0,0,2,2,52.788558,False,1.024
5,172,2,m,20,23-May-2016,Sub5_Trial172_0,0,3,3,-59.093075,False,1.024
5,172,2,m,20,23-May-2016,Sub5_Trial172_0,0,4,4,8.63671,False,1.024
5,172,2,m,20,23-May-2016,Sub5_Trial172_0,0,5,5,18.082165,False,1.024
5,172,2,m,20,23-May-2016,Sub5_Trial172_0,0,6,6,-62.01335399999999,False,1.024
5,172,2,m,20,23-May-2016,Sub5_Trial172_1,1,0,0,-24.681443,True,1.024
5,172,2,m,20,23-May-2016,Sub5_Trial172_1,1,1,1,70.1514,True,1.024
5,172,2,m,20,23-May-2016,Sub5_Trial172_1,1,2,2,-10.905456,True,1.024
5,172,2,m,20,23-May-2016,Sub5_Trial172_1,1,3,3,-15.090286,True,1.024
5,172,2,m,20,23-May-2016,Sub5_Trial172_1,1,4,4,73.597916,True,1.024
5,172,2,m,20,23-May-2016,Sub5_Trial172_1,1,5,5,10.065762,True,1.024
5,172,2,m,20,23-May-2016,Sub5_Trial172_1,1,6,6,-59.415035,True,1.024
5,173,2,m,20,23-May-2016,Sub5_Trial173_0,0,0,0,-21.833504000000005,True,0.758
5,173,2,m,20,23-May-2016,Sub5_Trial173_0,0,1,1,-26.088717000000003,True,0.758
5,173,2,m,20,23-May-2016,Sub5_Trial173_0,0,2,2,-30.013427,True,0.758
5,173,2,m,20,23-May-2016,Sub5_Trial173_0,0,3,3,55.668355,True,0.758
5,173,2,m,20,23-May-2016,Sub5_Trial173_0,0,4,4,-124.822945,True,0.758
5,173,2,m,20,23-May-2016,Sub5_Trial173_0,0,5,5,85.753987,True,0.758
5,173,2,m,20,23-May-2016,Sub5_Trial173_0,0,6,6,68.11628,True,0.758
5,173,2,m,20,23-May-2016,Sub5_Trial173_1,1,0,0,7.299799,False,0.758
5,173,2,m,20,23-May-2016,Sub5_Trial173_1,1,1,1,-15.550788,False,0.758
5,173,2,m,20,23-May-2016,Sub5_Trial173_1,1,2,2,-0.1751080000000016,False,0.758
5,173,2,m,20,23-May-2016,Sub5_Trial173_1,1,3,3,-61.976264,False,0.758
5,173,2,m,20,23-May-2016,Sub5_Trial173_1,1,4,4,146.808824,False,0.758
5,173,2,m,20,23-May-2016,Sub5_Trial173_1,1,5,5,-40.889863,False,0.758
5,173,2,m,20,23-May-2016,Sub5_Trial173_1,1,6,6,0.9480910000000016,False,0.758
5,174,2,m,20,23-May-2016,Sub5_Trial174_0,0,0,0,3.984646999999999,False,0.674
5,174,2,m,20,23-May-2016,Sub5_Trial174_0,0,1,1,-58.404524,False,0.674
5,174,2,m,20,23-May-2016,Sub5_Trial174_0,0,2,2,26.458908,False,0.674
5,174,2,m,20,23-May-2016,Sub5_Trial174_0,0,3,3,137.438157,False,0.674
5,174,2,m,20,23-May-2016,Sub5_Trial174_0,0,4,4,-62.347224,False,0.674
5,174,2,m,20,23-May-2016,Sub5_Trial174_0,0,5,5,-129.521248,False,0.674
5,174,2,m,20,23-May-2016,Sub5_Trial174_0,0,6,6,-73.013497,False,0.674
5,174,2,m,20,23-May-2016,Sub5_Trial174_1,1,0,0,-79.540894,True,0.674
5,174,2,m,20,23-May-2016,Sub5_Trial174_1,1,1,1,-35.409706,True,0.674
5,174,2,m,20,23-May-2016,Sub5_Trial174_1,1,2,2,6.649999000000001,True,0.674
5,174,2,m,20,23-May-2016,Sub5_Trial174_1,1,3,3,49.409481,True,0.674
5,174,2,m,20,23-May-2016,Sub5_Trial174_1,1,4,4,-59.43983800000001,True,0.674
5,174,2,m,20,23-May-2016,Sub5_Trial174_1,1,5,5,57.158799,True,0.674
5,174,2,m,20,23-May-2016,Sub5_Trial174_1,1,6,6,-93.639155,True,0.674
5,175,2,m,20,23-May-2016,Sub5_Trial175_0,0,0,0,-33.224092,False,1.009
5,175,2,m,20,23-May-2016,Sub5_Trial175_0,0,1,1,0.45722299999999905,False,1.009
5,175,2,m,20,23-May-2016,Sub5_Trial175_0,0,2,2,-81.534334,False,1.009
5,175,2,m,20,23-May-2016,Sub5_Trial175_0,0,3,3,-72.885341,False,1.009
5,175,2,m,20,23-May-2016,Sub5_Trial175_0,0,4,4,-137.313834,False,1.009
5,175,2,m,20,23-May-2016,Sub5_Trial175_0,0,5,5,-38.230271,False,1.009
5,175,2,m,20,23-May-2016,Sub5_Trial175_0,0,6,6,-114.882324,False,1.009
5,175,2,m,20,23-May-2016,Sub5_Trial175_1,1,0,0,-43.915057,True,1.009
5,175,2,m,20,23-May-2016,Sub5_Trial175_1,1,1,1,-44.166202,True,1.009
5,175,2,m,20,23-May-2016,Sub5_Trial175_1,1,2,2,70.453112,True,1.009
5,175,2,m,20,23-May-2016,Sub5_Trial175_1,1,3,3,147.937186,True,1.009
5,175,2,m,20,23-May-2016,Sub5_Trial175_1,1,4,4,-23.802887,True,1.009
5,175,2,m,20,23-May-2016,Sub5_Trial175_1,1,5,5,35.533298,True,1.009
5,175,2,m,20,23-May-2016,Sub5_Trial175_1,1,6,6,-83.366115,True,1.009
5,176,2,m,20,23-May-2016,Sub5_Trial176_0,0,0,0,-66.931893,False,2.536
5,176,2,m,20,23-May-2016,Sub5_Trial176_0,0,1,1,33.781937,False,2.536
5,176,2,m,20,23-May-2016,Sub5_Trial176_0,0,2,2,12.979716,False,2.536
5,176,2,m,20,23-May-2016,Sub5_Trial176_0,0,3,3,38.284178,False,2.536
5,176,2,m,20,23-May-2016,Sub5_Trial176_0,0,4,4,8.492351,False,2.536
5,176,2,m,20,23-May-2016,Sub5_Trial176_0,0,5,5,-110.28027400000002,False,2.536
5,176,2,m,20,23-May-2016,Sub5_Trial176_0,0,6,6,37.527644,False,2.536
5,176,2,m,20,23-May-2016,Sub5_Trial176_1,1,0,0,-119.337726,True,2.536
5,176,2,m,20,23-May-2016,Sub5_Trial176_1,1,1,1,13.992367000000002,True,2.536
5,176,2,m,20,23-May-2016,Sub5_Trial176_1,1,2,2,-38.026263,True,2.536
5,176,2,m,20,23-May-2016,Sub5_Trial176_1,1,3,3,-47.634024,True,2.536
5,176,2,m,20,23-May-2016,Sub5_Trial176_1,1,4,4,-83.993859,True,2.536
5,176,2,m,20,23-May-2016,Sub5_Trial176_1,1,5,5,-6.151907,True,2.536
5,176,2,m,20,23-May-2016,Sub5_Trial176_1,1,6,6,-131.390663,True,2.536
5,177,2,m,20,23-May-2016,Sub5_Trial177_0,0,0,0,-13.64856,True,2.222
5,177,2,m,20,23-May-2016,Sub5_Trial177_0,0,1,1,27.46058,True,2.222
5,177,2,m,20,23-May-2016,Sub5_Trial177_0,0,2,2,46.478489999999994,True,2.222
5,177,2,m,20,23-May-2016,Sub5_Trial177_0,0,3,3,-41.827982,True,2.222
5,177,2,m,20,23-May-2016,Sub5_Trial177_0,0,4,4,-26.502751,True,2.222
5,177,2,m,20,23-May-2016,Sub5_Trial177_0,0,5,5,56.878071000000006,True,2.222
5,177,2,m,20,23-May-2016,Sub5_Trial177_0,0,6,6,56.196112,True,2.222
5,177,2,m,20,23-May-2016,Sub5_Trial177_1,1,0,0,-34.727183,False,2.222
5,177,2,m,20,23-May-2016,Sub5_Trial177_1,1,1,1,-85.762537,False,2.222
5,177,2,m,20,23-May-2016,Sub5_Trial177_1,1,2,2,-82.652784,False,2.222
5,177,2,m,20,23-May-2016,Sub5_Trial177_1,1,3,3,36.063648,False,2.222
5,177,2,m,20,23-May-2016,Sub5_Trial177_1,1,4,4,-6.260573000000001,False,2.222
5,177,2,m,20,23-May-2016,Sub5_Trial177_1,1,5,5,54.896753,False,2.222
5,177,2,m,20,23-May-2016,Sub5_Trial177_1,1,6,6,44.971817,False,2.222
5,178,2,m,20,23-May-2016,Sub5_Trial178_0,0,0,0,-25.3921,False,1.83
5,178,2,m,20,23-May-2016,Sub5_Trial178_0,0,1,1,6.835075,False,1.83
5,178,2,m,20,23-May-2016,Sub5_Trial178_0,0,2,2,-30.905937,False,1.83
5,178,2,m,20,23-May-2016,Sub5_Trial178_0,0,3,3,-31.733541000000002,False,1.83
5,178,2,m,20,23-May-2016,Sub5_Trial178_0,0,4,4,-15.187675999999996,False,1.83
5,178,2,m,20,23-May-2016,Sub5_Trial178_0,0,5,5,54.031887,False,1.83
5,178,2,m,20,23-May-2016,Sub5_Trial178_0,0,6,6,23.864939,False,1.83
5,178,2,m,20,23-May-2016,Sub5_Trial178_1,1,0,0,-37.924888,True,1.83
5,178,2,m,20,23-May-2016,Sub5_Trial178_1,1,1,1,107.04658,True,1.83
5,178,2,m,20,23-May-2016,Sub5_Trial178_1,1,2,2,23.239109999999997,True,1.83
5,178,2,m,20,23-May-2016,Sub5_Trial178_1,1,3,3,-31.001734,True,1.83
5,178,2,m,20,23-May-2016,Sub5_Trial178_1,1,4,4,-30.95929,True,1.83
5,178,2,m,20,23-May-2016,Sub5_Trial178_1,1,5,5,140.136111,True,1.83
5,178,2,m,20,23-May-2016,Sub5_Trial178_1,1,6,6,35.813624,True,1.83
5,179,2,m,20,23-May-2016,Sub5_Trial179_0,0,0,0,15.42142,False,3.571
5,179,2,m,20,23-May-2016,Sub5_Trial179_0,0,1,1,-10.671188999999998,False,3.571
5,179,2,m,20,23-May-2016,Sub5_Trial179_0,0,2,2,1.7259199999999986,False,3.571
5,179,2,m,20,23-May-2016,Sub5_Trial179_0,0,3,3,50.26563,False,3.571
5,179,2,m,20,23-May-2016,Sub5_Trial179_0,0,4,4,71.95372,False,3.571
5,179,2,m,20,23-May-2016,Sub5_Trial179_0,0,5,5,21.785887,False,3.571
5,179,2,m,20,23-May-2016,Sub5_Trial179_0,0,6,6,90.157985,False,3.571
5,179,2,m,20,23-May-2016,Sub5_Trial179_1,1,0,0,14.349986000000001,True,3.571
5,179,2,m,20,23-May-2016,Sub5_Trial179_1,1,1,1,-27.636356,True,3.571
5,179,2,m,20,23-May-2016,Sub5_Trial179_1,1,2,2,-76.714776,True,3.571
5,179,2,m,20,23-May-2016,Sub5_Trial179_1,1,3,3,-26.795727,True,3.571
5,179,2,m,20,23-May-2016,Sub5_Trial179_1,1,4,4,-25.628009,True,3.571
5,179,2,m,20,23-May-2016,Sub5_Trial179_1,1,5,5,25.685415,True,3.571
5,179,2,m,20,23-May-2016,Sub5_Trial179_1,1,6,6,18.530794999999998,True,3.571
5,180,2,m,20,23-May-2016,Sub5_Trial180_0,0,0,0,25.109105999999997,True,6.339
5,180,2,m,20,23-May-2016,Sub5_Trial180_0,0,1,1,11.369958,True,6.339
5,180,2,m,20,23-May-2016,Sub5_Trial180_0,0,2,2,16.848629000000003,True,6.339
5,180,2,m,20,23-May-2016,Sub5_Trial180_0,0,3,3,49.851467,True,6.339
5,180,2,m,20,23-May-2016,Sub5_Trial180_0,0,4,4,35.812383,True,6.339
5,180,2,m,20,23-May-2016,Sub5_Trial180_0,0,5,5,122.45643899999999,True,6.339
5,180,2,m,20,23-May-2016,Sub5_Trial180_0,0,6,6,-24.456746,True,6.339
5,180,2,m,20,23-May-2016,Sub5_Trial180_1,1,0,0,-2.239190999999998,False,6.339
5,180,2,m,20,23-May-2016,Sub5_Trial180_1,1,1,1,-153.973657,False,6.339
5,180,2,m,20,23-May-2016,Sub5_Trial180_1,1,2,2,-47.583132000000006,False,6.339
5,180,2,m,20,23-May-2016,Sub5_Trial180_1,1,3,3,142.866139,False,6.339
5,180,2,m,20,23-May-2016,Sub5_Trial180_1,1,4,4,58.049656,False,6.339
5,180,2,m,20,23-May-2016,Sub5_Trial180_1,1,5,5,129.386456,False,6.339
5,180,2,m,20,23-May-2016,Sub5_Trial180_1,1,6,6,-48.700804000000005,False,6.339
5,181,2,m,20,23-May-2016,Sub5_Trial181_0,0,0,0,-14.125589,True,0.785
5,181,2,m,20,23-May-2016,Sub5_Trial181_0,0,1,1,127.99088499999999,True,0.785
5,181,2,m,20,23-May-2016,Sub5_Trial181_0,0,2,2,-35.754691,True,0.785
5,181,2,m,20,23-May-2016,Sub5_Trial181_0,0,3,3,-60.115568,True,0.785
5,181,2,m,20,23-May-2016,Sub5_Trial181_0,0,4,4,59.403453,True,0.785
5,181,2,m,20,23-May-2016,Sub5_Trial181_0,0,5,5,-23.430131,True,0.785
5,181,2,m,20,23-May-2016,Sub5_Trial181_0,0,6,6,-40.711773,True,0.785
5,181,2,m,20,23-May-2016,Sub5_Trial181_1,1,0,0,5.959472,False,0.785
5,181,2,m,20,23-May-2016,Sub5_Trial181_1,1,1,1,-85.603915,False,0.785
5,181,2,m,20,23-May-2016,Sub5_Trial181_1,1,2,2,-86.651095,False,0.785
5,181,2,m,20,23-May-2016,Sub5_Trial181_1,1,3,3,-88.381145,False,0.785
5,181,2,m,20,23-May-2016,Sub5_Trial181_1,1,4,4,-61.02228600000001,False,0.785
5,181,2,m,20,23-May-2016,Sub5_Trial181_1,1,5,5,-56.597984,False,0.785
5,181,2,m,20,23-May-2016,Sub5_Trial181_1,1,6,6,13.54242,False,0.785
5,182,2,m,20,23-May-2016,Sub5_Trial182_0,0,0,0,-1.3022969999999994,False,0.589
5,182,2,m,20,23-May-2016,Sub5_Trial182_0,0,1,1,-41.186307,False,0.589
5,182,2,m,20,23-May-2016,Sub5_Trial182_0,0,2,2,-10.088045999999999,False,0.589
5,182,2,m,20,23-May-2016,Sub5_Trial182_0,0,3,3,-56.33712299999999,False,0.589
5,182,2,m,20,23-May-2016,Sub5_Trial182_0,0,4,4,-60.48151300000001,False,0.589
5,182,2,m,20,23-May-2016,Sub5_Trial182_0,0,5,5,46.25609,False,0.589
5,182,2,m,20,23-May-2016,Sub5_Trial182_0,0,6,6,7.495077,False,0.589
5,182,2,m,20,23-May-2016,Sub5_Trial182_1,1,0,0,-62.421339,True,0.589
5,182,2,m,20,23-May-2016,Sub5_Trial182_1,1,1,1,-5.275694999999999,True,0.589
5,182,2,m,20,23-May-2016,Sub5_Trial182_1,1,2,2,-49.924672,True,0.589
5,182,2,m,20,23-May-2016,Sub5_Trial182_1,1,3,3,-59.550683,True,0.589
5,182,2,m,20,23-May-2016,Sub5_Trial182_1,1,4,4,73.584703,True,0.589
5,182,2,m,20,23-May-2016,Sub5_Trial182_1,1,5,5,87.300864,True,0.589
5,182,2,m,20,23-May-2016,Sub5_Trial182_1,1,6,6,-4.257083,True,0.589
5,183,2,m,20,23-May-2016,Sub5_Trial183_0,0,0,0,58.874986,True,0.753
5,183,2,m,20,23-May-2016,Sub5_Trial183_0,0,1,1,-5.702024999999999,True,0.753
5,183,2,m,20,23-May-2016,Sub5_Trial183_0,0,2,2,78.682804,True,0.753
5,183,2,m,20,23-May-2016,Sub5_Trial183_0,0,3,3,-45.962813,True,0.753
5,183,2,m,20,23-May-2016,Sub5_Trial183_0,0,4,4,44.92216,True,0.753
5,183,2,m,20,23-May-2016,Sub5_Trial183_0,0,5,5,95.930466,True,0.753
5,183,2,m,20,23-May-2016,Sub5_Trial183_0,0,6,6,-23.850300000000004,True,0.753
5,183,2,m,20,23-May-2016,Sub5_Trial183_1,1,0,0,-75.407526,False,0.753
5,183,2,m,20,23-May-2016,Sub5_Trial183_1,1,1,1,-79.364008,False,0.753
5,183,2,m,20,23-May-2016,Sub5_Trial183_1,1,2,2,-8.411448,False,0.753
5,183,2,m,20,23-May-2016,Sub5_Trial183_1,1,3,3,-32.516698,False,0.753
5,183,2,m,20,23-May-2016,Sub5_Trial183_1,1,4,4,-4.917728,False,0.753
5,183,2,m,20,23-May-2016,Sub5_Trial183_1,1,5,5,-71.129834,False,0.753
5,183,2,m,20,23-May-2016,Sub5_Trial183_1,1,6,6,-85.07424,False,0.753
5,184,2,m,20,23-May-2016,Sub5_Trial184_0,0,0,0,19.665004,True,1.18
5,184,2,m,20,23-May-2016,Sub5_Trial184_0,0,1,1,-44.257192,True,1.18
5,184,2,m,20,23-May-2016,Sub5_Trial184_0,0,2,2,88.194461,True,1.18
5,184,2,m,20,23-May-2016,Sub5_Trial184_0,0,3,3,54.019782,True,1.18
5,184,2,m,20,23-May-2016,Sub5_Trial184_0,0,4,4,13.185893,True,1.18
5,184,2,m,20,23-May-2016,Sub5_Trial184_0,0,5,5,22.355802,True,1.18
5,184,2,m,20,23-May-2016,Sub5_Trial184_0,0,6,6,67.865922,True,1.18
5,184,2,m,20,23-May-2016,Sub5_Trial184_1,1,0,0,42.711722,False,1.18
5,184,2,m,20,23-May-2016,Sub5_Trial184_1,1,1,1,14.455328000000002,False,1.18
5,184,2,m,20,23-May-2016,Sub5_Trial184_1,1,2,2,-29.180489,False,1.18
5,184,2,m,20,23-May-2016,Sub5_Trial184_1,1,3,3,-32.619849,False,1.18
5,184,2,m,20,23-May-2016,Sub5_Trial184_1,1,4,4,-135.282452,False,1.18
5,184,2,m,20,23-May-2016,Sub5_Trial184_1,1,5,5,-28.502462,False,1.18
5,184,2,m,20,23-May-2016,Sub5_Trial184_1,1,6,6,44.633476,False,1.18
5,185,2,m,20,23-May-2016,Sub5_Trial185_0,0,0,0,8.831922,False,0.964
5,185,2,m,20,23-May-2016,Sub5_Trial185_0,0,1,1,-55.242188999999996,False,0.964
5,185,2,m,20,23-May-2016,Sub5_Trial185_0,0,2,2,12.801737,False,0.964
5,185,2,m,20,23-May-2016,Sub5_Trial185_0,0,3,3,-92.677742,False,0.964
5,185,2,m,20,23-May-2016,Sub5_Trial185_0,0,4,4,22.312412,False,0.964
5,185,2,m,20,23-May-2016,Sub5_Trial185_0,0,5,5,-14.525784999999999,False,0.964
5,185,2,m,20,23-May-2016,Sub5_Trial185_0,0,6,6,-26.303204,False,0.964
5,185,2,m,20,23-May-2016,Sub5_Trial185_1,1,0,0,7.063579000000001,True,0.964
5,185,2,m,20,23-May-2016,Sub5_Trial185_1,1,1,1,32.812407,True,0.964
5,185,2,m,20,23-May-2016,Sub5_Trial185_1,1,2,2,-42.291449,True,0.964
5,185,2,m,20,23-May-2016,Sub5_Trial185_1,1,3,3,-8.584753,True,0.964
5,185,2,m,20,23-May-2016,Sub5_Trial185_1,1,4,4,20.077079999999995,True,0.964
5,185,2,m,20,23-May-2016,Sub5_Trial185_1,1,5,5,90.688882,True,0.964
5,185,2,m,20,23-May-2016,Sub5_Trial185_1,1,6,6,-53.666976,True,0.964
5,186,2,m,20,23-May-2016,Sub5_Trial186_0,0,0,0,110.428063,True,0.634
5,186,2,m,20,23-May-2016,Sub5_Trial186_0,0,1,1,42.281063,True,0.634
5,186,2,m,20,23-May-2016,Sub5_Trial186_0,0,2,2,-67.731202,True,0.634
5,186,2,m,20,23-May-2016,Sub5_Trial186_0,0,3,3,-47.077759,True,0.634
5,186,2,m,20,23-May-2016,Sub5_Trial186_0,0,4,4,41.830165,True,0.634
5,186,2,m,20,23-May-2016,Sub5_Trial186_0,0,5,5,68.11478,True,0.634
5,186,2,m,20,23-May-2016,Sub5_Trial186_0,0,6,6,12.41149,True,0.634
5,186,2,m,20,23-May-2016,Sub5_Trial186_1,1,0,0,31.326955999999996,False,0.634
5,186,2,m,20,23-May-2016,Sub5_Trial186_1,1,1,1,-44.429047,False,0.634
5,186,2,m,20,23-May-2016,Sub5_Trial186_1,1,2,2,-18.093048,False,0.634
5,186,2,m,20,23-May-2016,Sub5_Trial186_1,1,3,3,5.799793999999999,False,0.634
5,186,2,m,20,23-May-2016,Sub5_Trial186_1,1,4,4,-34.609866,False,0.634
5,186,2,m,20,23-May-2016,Sub5_Trial186_1,1,5,5,-23.52503,False,0.634
5,186,2,m,20,23-May-2016,Sub5_Trial186_1,1,6,6,85.687814,False,0.634
5,187,2,m,20,23-May-2016,Sub5_Trial187_0,0,0,0,69.48944,True,0.991
5,187,2,m,20,23-May-2016,Sub5_Trial187_0,0,1,1,52.738252,True,0.991
5,187,2,m,20,23-May-2016,Sub5_Trial187_0,0,2,2,-118.959455,True,0.991
5,187,2,m,20,23-May-2016,Sub5_Trial187_0,0,3,3,-95.76508,True,0.991
5,187,2,m,20,23-May-2016,Sub5_Trial187_0,0,4,4,62.329285999999996,True,0.991
5,187,2,m,20,23-May-2016,Sub5_Trial187_0,0,5,5,78.714113,True,0.991
5,187,2,m,20,23-May-2016,Sub5_Trial187_0,0,6,6,109.243672,True,0.991
5,187,2,m,20,23-May-2016,Sub5_Trial187_1,1,0,0,-87.939942,False,0.991
5,187,2,m,20,23-May-2016,Sub5_Trial187_1,1,1,1,78.064777,False,0.991
5,187,2,m,20,23-May-2016,Sub5_Trial187_1,1,2,2,66.798086,False,0.991
5,187,2,m,20,23-May-2016,Sub5_Trial187_1,1,3,3,-17.138728999999998,False,0.991
5,187,2,m,20,23-May-2016,Sub5_Trial187_1,1,4,4,4.171785,False,0.991
5,187,2,m,20,23-May-2016,Sub5_Trial187_1,1,5,5,-55.701898,False,0.991
5,187,2,m,20,23-May-2016,Sub5_Trial187_1,1,6,6,-85.468012,False,0.991
5,188,2,m,20,23-May-2016,Sub5_Trial188_0,0,0,0,21.748335999999995,False,3.005
5,188,2,m,20,23-May-2016,Sub5_Trial188_0,0,1,1,15.316899,False,3.005
5,188,2,m,20,23-May-2016,Sub5_Trial188_0,0,2,2,-25.835239,False,3.005
5,188,2,m,20,23-May-2016,Sub5_Trial188_0,0,3,3,-81.767696,False,3.005
5,188,2,m,20,23-May-2016,Sub5_Trial188_0,0,4,4,-1.903226,False,3.005
5,188,2,m,20,23-May-2016,Sub5_Trial188_0,0,5,5,22.214612000000002,False,3.005
5,188,2,m,20,23-May-2016,Sub5_Trial188_0,0,6,6,-12.758445,False,3.005
5,188,2,m,20,23-May-2016,Sub5_Trial188_1,1,0,0,-22.167958,True,3.005
5,188,2,m,20,23-May-2016,Sub5_Trial188_1,1,1,1,-91.285037,True,3.005
5,188,2,m,20,23-May-2016,Sub5_Trial188_1,1,2,2,-83.890791,True,3.005
5,188,2,m,20,23-May-2016,Sub5_Trial188_1,1,3,3,60.891248,True,3.005
5,188,2,m,20,23-May-2016,Sub5_Trial188_1,1,4,4,-70.723519,True,3.005
5,188,2,m,20,23-May-2016,Sub5_Trial188_1,1,5,5,87.558013,True,3.005
5,188,2,m,20,23-May-2016,Sub5_Trial188_1,1,6,6,15.4143,True,3.005
5,189,2,m,20,23-May-2016,Sub5_Trial189_0,0,0,0,-8.067052,True,1.122
5,189,2,m,20,23-May-2016,Sub5_Trial189_0,0,1,1,-70.619912,True,1.122
5,189,2,m,20,23-May-2016,Sub5_Trial189_0,0,2,2,58.505570000000006,True,1.122
5,189,2,m,20,23-May-2016,Sub5_Trial189_0,0,3,3,117.586973,True,1.122
5,189,2,m,20,23-May-2016,Sub5_Trial189_0,0,4,4,52.71678399999999,True,1.122
5,189,2,m,20,23-May-2016,Sub5_Trial189_0,0,5,5,-17.354847,True,1.122
5,189,2,m,20,23-May-2016,Sub5_Trial189_0,0,6,6,-57.872716,True,1.122
5,189,2,m,20,23-May-2016,Sub5_Trial189_1,1,0,0,-144.358182,False,1.122
5,189,2,m,20,23-May-2016,Sub5_Trial189_1,1,1,1,134.025619,False,1.122
5,189,2,m,20,23-May-2016,Sub5_Trial189_1,1,2,2,85.579836,False,1.122
5,189,2,m,20,23-May-2016,Sub5_Trial189_1,1,3,3,-20.096631000000002,False,1.122
5,189,2,m,20,23-May-2016,Sub5_Trial189_1,1,4,4,13.248407,False,1.122
5,189,2,m,20,23-May-2016,Sub5_Trial189_1,1,5,5,-70.808583,False,1.122
5,189,2,m,20,23-May-2016,Sub5_Trial189_1,1,6,6,-53.90738300000001,False,1.122
5,190,2,m,20,23-May-2016,Sub5_Trial190_0,0,0,0,18.133933,True,0.95
5,190,2,m,20,23-May-2016,Sub5_Trial190_0,0,1,1,119.116995,True,0.95
5,190,2,m,20,23-May-2016,Sub5_Trial190_0,0,2,2,30.497533,True,0.95
5,190,2,m,20,23-May-2016,Sub5_Trial190_0,0,3,3,-68.554927,True,0.95
5,190,2,m,20,23-May-2016,Sub5_Trial190_0,0,4,4,-68.13285,True,0.95
5,190,2,m,20,23-May-2016,Sub5_Trial190_0,0,5,5,37.8751,True,0.95
5,190,2,m,20,23-May-2016,Sub5_Trial190_0,0,6,6,-99.417679,True,0.95
5,190,2,m,20,23-May-2016,Sub5_Trial190_1,1,0,0,17.188590000000005,False,0.95
5,190,2,m,20,23-May-2016,Sub5_Trial190_1,1,1,1,-58.095579,False,0.95
5,190,2,m,20,23-May-2016,Sub5_Trial190_1,1,2,2,130.520729,False,0.95
5,190,2,m,20,23-May-2016,Sub5_Trial190_1,1,3,3,2.6577020000000005,False,0.95
5,190,2,m,20,23-May-2016,Sub5_Trial190_1,1,4,4,21.057483000000005,False,0.95
5,190,2,m,20,23-May-2016,Sub5_Trial190_1,1,5,5,-134.190939,False,0.95
5,190,2,m,20,23-May-2016,Sub5_Trial190_1,1,6,6,-58.011813,False,0.95
5,191,2,m,20,23-May-2016,Sub5_Trial191_0,0,0,0,84.75,False,0.836
5,191,2,m,20,23-May-2016,Sub5_Trial191_0,0,1,1,-11.206236,False,0.836
5,191,2,m,20,23-May-2016,Sub5_Trial191_0,0,2,2,21.419668,False,0.836
5,191,2,m,20,23-May-2016,Sub5_Trial191_0,0,3,3,-8.954034999999998,False,0.836
5,191,2,m,20,23-May-2016,Sub5_Trial191_0,0,4,4,-3.135555,False,0.836
5,191,2,m,20,23-May-2016,Sub5_Trial191_0,0,5,5,-41.329023,False,0.836
5,191,2,m,20,23-May-2016,Sub5_Trial191_0,0,6,6,-72.247712,False,0.836
5,191,2,m,20,23-May-2016,Sub5_Trial191_1,1,0,0,22.262956000000003,True,0.836
5,191,2,m,20,23-May-2016,Sub5_Trial191_1,1,1,1,36.072418,True,0.836
5,191,2,m,20,23-May-2016,Sub5_Trial191_1,1,2,2,51.102051,True,0.836
5,191,2,m,20,23-May-2016,Sub5_Trial191_1,1,3,3,24.422920000000005,True,0.836
5,191,2,m,20,23-May-2016,Sub5_Trial191_1,1,4,4,64.51324,True,0.836
5,191,2,m,20,23-May-2016,Sub5_Trial191_1,1,5,5,-36.459945,True,0.836
5,191,2,m,20,23-May-2016,Sub5_Trial191_1,1,6,6,-26.729623,True,0.836
5,192,2,m,20,23-May-2016,Sub5_Trial192_0,0,0,0,4.092798999999999,False,2.329
5,192,2,m,20,23-May-2016,Sub5_Trial192_0,0,1,1,-95.219851,False,2.329
5,192,2,m,20,23-May-2016,Sub5_Trial192_0,0,2,2,-47.71408199999999,False,2.329
5,192,2,m,20,23-May-2016,Sub5_Trial192_0,0,3,3,-4.041198000000001,False,2.329
5,192,2,m,20,23-May-2016,Sub5_Trial192_0,0,4,4,-77.594566,False,2.329
5,192,2,m,20,23-May-2016,Sub5_Trial192_0,0,5,5,-102.133789,False,2.329
5,192,2,m,20,23-May-2016,Sub5_Trial192_0,0,6,6,-6.915596000000001,False,2.329
5,192,2,m,20,23-May-2016,Sub5_Trial192_1,1,0,0,27.964109,True,2.329
5,192,2,m,20,23-May-2016,Sub5_Trial192_1,1,1,1,46.395292,True,2.329
5,192,2,m,20,23-May-2016,Sub5_Trial192_1,1,2,2,-105.471657,True,2.329
5,192,2,m,20,23-May-2016,Sub5_Trial192_1,1,3,3,-20.89645,True,2.329
5,192,2,m,20,23-May-2016,Sub5_Trial192_1,1,4,4,-13.148326,True,2.329
5,192,2,m,20,23-May-2016,Sub5_Trial192_1,1,5,5,-73.999491,True,2.329
5,192,2,m,20,23-May-2016,Sub5_Trial192_1,1,6,6,24.262265,True,2.329
5,193,2,m,20,23-May-2016,Sub5_Trial193_0,0,0,0,66.513458,False,1.796
5,193,2,m,20,23-May-2016,Sub5_Trial193_0,0,1,1,101.003685,False,1.796
5,193,2,m,20,23-May-2016,Sub5_Trial193_0,0,2,2,-36.242925,False,1.796
5,193,2,m,20,23-May-2016,Sub5_Trial193_0,0,3,3,138.461129,False,1.796
5,193,2,m,20,23-May-2016,Sub5_Trial193_0,0,4,4,-64.67035,False,1.796
5,193,2,m,20,23-May-2016,Sub5_Trial193_0,0,5,5,2.0638299999999994,False,1.796
5,193,2,m,20,23-May-2016,Sub5_Trial193_0,0,6,6,-84.709543,False,1.796
5,193,2,m,20,23-May-2016,Sub5_Trial193_1,1,0,0,-52.407838,True,1.796
5,193,2,m,20,23-May-2016,Sub5_Trial193_1,1,1,1,-5.699884000000001,True,1.796
5,193,2,m,20,23-May-2016,Sub5_Trial193_1,1,2,2,35.856076,True,1.796
5,193,2,m,20,23-May-2016,Sub5_Trial193_1,1,3,3,113.934759,True,1.796
5,193,2,m,20,23-May-2016,Sub5_Trial193_1,1,4,4,-39.887419,True,1.796
5,193,2,m,20,23-May-2016,Sub5_Trial193_1,1,5,5,104.647156,True,1.796
5,193,2,m,20,23-May-2016,Sub5_Trial193_1,1,6,6,-42.024703,True,1.796
5,194,2,m,20,23-May-2016,Sub5_Trial194_0,0,0,0,107.017943,False,0.982
5,194,2,m,20,23-May-2016,Sub5_Trial194_0,0,1,1,17.713039,False,0.982
5,194,2,m,20,23-May-2016,Sub5_Trial194_0,0,2,2,-92.597411,False,0.982
5,194,2,m,20,23-May-2016,Sub5_Trial194_0,0,3,3,11.411955,False,0.982
5,194,2,m,20,23-May-2016,Sub5_Trial194_0,0,4,4,108.288145,False,0.982
5,194,2,m,20,23-May-2016,Sub5_Trial194_0,0,5,5,20.173412,False,0.982
5,194,2,m,20,23-May-2016,Sub5_Trial194_0,0,6,6,83.959216,False,0.982
5,194,2,m,20,23-May-2016,Sub5_Trial194_1,1,0,0,6.406130000000001,True,0.982
5,194,2,m,20,23-May-2016,Sub5_Trial194_1,1,1,1,-93.802741,True,0.982
5,194,2,m,20,23-May-2016,Sub5_Trial194_1,1,2,2,54.46585999999999,True,0.982
5,194,2,m,20,23-May-2016,Sub5_Trial194_1,1,3,3,-5.161757,True,0.982
5,194,2,m,20,23-May-2016,Sub5_Trial194_1,1,4,4,-113.147216,True,0.982
5,194,2,m,20,23-May-2016,Sub5_Trial194_1,1,5,5,99.258276,True,0.982
5,194,2,m,20,23-May-2016,Sub5_Trial194_1,1,6,6,27.244997999999995,True,0.982
5,195,2,m,20,23-May-2016,Sub5_Trial195_0,0,0,0,112.835323,False,0.542
5,195,2,m,20,23-May-2016,Sub5_Trial195_0,0,1,1,90.71311,False,0.542
5,195,2,m,20,23-May-2016,Sub5_Trial195_0,0,2,2,-1.5760809999999985,False,0.542
5,195,2,m,20,23-May-2016,Sub5_Trial195_0,0,3,3,-41.886229,False,0.542
5,195,2,m,20,23-May-2016,Sub5_Trial195_0,0,4,4,-84.104076,False,0.542
5,195,2,m,20,23-May-2016,Sub5_Trial195_0,0,5,5,49.730915,False,0.542
5,195,2,m,20,23-May-2016,Sub5_Trial195_0,0,6,6,75.336683,False,0.542
5,195,2,m,20,23-May-2016,Sub5_Trial195_1,1,0,0,62.85725099999999,True,0.542
5,195,2,m,20,23-May-2016,Sub5_Trial195_1,1,1,1,-32.351999,True,0.542
5,195,2,m,20,23-May-2016,Sub5_Trial195_1,1,2,2,-55.169364,True,0.542
5,195,2,m,20,23-May-2016,Sub5_Trial195_1,1,3,3,1.4939660000000003,True,0.542
5,195,2,m,20,23-May-2016,Sub5_Trial195_1,1,4,4,34.072465,True,0.542
5,195,2,m,20,23-May-2016,Sub5_Trial195_1,1,5,5,56.014831,True,0.542
5,195,2,m,20,23-May-2016,Sub5_Trial195_1,1,6,6,131.80289,True,0.542
5,196,2,m,20,23-May-2016,Sub5_Trial196_0,0,0,0,-77.194699,False,1.074
5,196,2,m,20,23-May-2016,Sub5_Trial196_0,0,1,1,24.810688999999996,False,1.074
5,196,2,m,20,23-May-2016,Sub5_Trial196_0,0,2,2,66.111497,False,1.074
5,196,2,m,20,23-May-2016,Sub5_Trial196_0,0,3,3,-90.595051,False,1.074
5,196,2,m,20,23-May-2016,Sub5_Trial196_0,0,4,4,-91.866655,False,1.074
5,196,2,m,20,23-May-2016,Sub5_Trial196_0,0,5,5,-93.6197,False,1.074
5,196,2,m,20,23-May-2016,Sub5_Trial196_0,0,6,6,-116.823714,False,1.074
5,196,2,m,20,23-May-2016,Sub5_Trial196_1,1,0,0,-6.583030999999998,True,1.074
5,196,2,m,20,23-May-2016,Sub5_Trial196_1,1,1,1,8.355866,True,1.074
5,196,2,m,20,23-May-2016,Sub5_Trial196_1,1,2,2,-44.686042,True,1.074
5,196,2,m,20,23-May-2016,Sub5_Trial196_1,1,3,3,-106.002016,True,1.074
5,196,2,m,20,23-May-2016,Sub5_Trial196_1,1,4,4,28.4692,True,1.074
5,196,2,m,20,23-May-2016,Sub5_Trial196_1,1,5,5,6.709356,True,1.074
5,196,2,m,20,23-May-2016,Sub5_Trial196_1,1,6,6,-88.37465,True,1.074
5,197,2,m,20,23-May-2016,Sub5_Trial197_0,0,0,0,74.272931,True,2.124
5,197,2,m,20,23-May-2016,Sub5_Trial197_0,0,1,1,79.760721,True,2.124
5,197,2,m,20,23-May-2016,Sub5_Trial197_0,0,2,2,-0.039528000000000674,True,2.124
5,197,2,m,20,23-May-2016,Sub5_Trial197_0,0,3,3,39.929676,True,2.124
5,197,2,m,20,23-May-2016,Sub5_Trial197_0,0,4,4,0.6370429999999985,True,2.124
5,197,2,m,20,23-May-2016,Sub5_Trial197_0,0,5,5,3.033638,True,2.124
5,197,2,m,20,23-May-2016,Sub5_Trial197_0,0,6,6,0.6599080000000015,True,2.124
5,197,2,m,20,23-May-2016,Sub5_Trial197_1,1,0,0,71.319992,False,2.124
5,197,2,m,20,23-May-2016,Sub5_Trial197_1,1,1,1,-27.316721,False,2.124
5,197,2,m,20,23-May-2016,Sub5_Trial197_1,1,2,2,-37.134958,False,2.124
5,197,2,m,20,23-May-2016,Sub5_Trial197_1,1,3,3,25.330707,False,2.124
5,197,2,m,20,23-May-2016,Sub5_Trial197_1,1,4,4,-31.579841000000002,False,2.124
5,197,2,m,20,23-May-2016,Sub5_Trial197_1,1,5,5,6.890979999999999,False,2.124
5,197,2,m,20,23-May-2016,Sub5_Trial197_1,1,6,6,59.303817,False,2.124
5,198,2,m,20,23-May-2016,Sub5_Trial198_0,0,0,0,77.8657,False,0.936
5,198,2,m,20,23-May-2016,Sub5_Trial198_0,0,1,1,79.515943,False,0.936
5,198,2,m,20,23-May-2016,Sub5_Trial198_0,0,2,2,-88.469356,False,0.936
5,198,2,m,20,23-May-2016,Sub5_Trial198_0,0,3,3,-4.0907610000000005,False,0.936
5,198,2,m,20,23-May-2016,Sub5_Trial198_0,0,4,4,5.570537,False,0.936
5,198,2,m,20,23-May-2016,Sub5_Trial198_0,0,5,5,-56.26998900000001,False,0.936
5,198,2,m,20,23-May-2016,Sub5_Trial198_0,0,6,6,-40.41015,False,0.936
5,198,2,m,20,23-May-2016,Sub5_Trial198_1,1,0,0,-108.774617,True,0.936
5,198,2,m,20,23-May-2016,Sub5_Trial198_1,1,1,1,-22.415251,True,0.936
5,198,2,m,20,23-May-2016,Sub5_Trial198_1,1,2,2,-97.447118,True,0.936
5,198,2,m,20,23-May-2016,Sub5_Trial198_1,1,3,3,104.494325,True,0.936
5,198,2,m,20,23-May-2016,Sub5_Trial198_1,1,4,4,-48.143995,True,0.936
5,198,2,m,20,23-May-2016,Sub5_Trial198_1,1,5,5,-93.551599,True,0.936
5,198,2,m,20,23-May-2016,Sub5_Trial198_1,1,6,6,57.70675,True,0.936
5,199,2,m,20,23-May-2016,Sub5_Trial199_0,0,0,0,-14.717043000000004,False,1.431
5,199,2,m,20,23-May-2016,Sub5_Trial199_0,0,1,1,89.761138,False,1.431
5,199,2,m,20,23-May-2016,Sub5_Trial199_0,0,2,2,42.306683,False,1.431
5,199,2,m,20,23-May-2016,Sub5_Trial199_0,0,3,3,15.578548,False,1.431
5,199,2,m,20,23-May-2016,Sub5_Trial199_0,0,4,4,30.374227,False,1.431
5,199,2,m,20,23-May-2016,Sub5_Trial199_0,0,5,5,53.70857,False,1.431
5,199,2,m,20,23-May-2016,Sub5_Trial199_0,0,6,6,43.735967,False,1.431
5,199,2,m,20,23-May-2016,Sub5_Trial199_1,1,0,0,64.545432,True,1.431
5,199,2,m,20,23-May-2016,Sub5_Trial199_1,1,1,1,31.622068999999996,True,1.431
5,199,2,m,20,23-May-2016,Sub5_Trial199_1,1,2,2,-45.302898,True,1.431
5,199,2,m,20,23-May-2016,Sub5_Trial199_1,1,3,3,-101.789867,True,1.431
5,199,2,m,20,23-May-2016,Sub5_Trial199_1,1,4,4,-56.801819,True,1.431
5,199,2,m,20,23-May-2016,Sub5_Trial199_1,1,5,5,-21.570848,True,1.431
5,199,2,m,20,23-May-2016,Sub5_Trial199_1,1,6,6,67.81043,True,1.431
5,199,3,m,20,23-May-2016,Sub5_Trial199_0,0,0,0,-14.717043000000004,False,3.955
5,199,3,m,20,23-May-2016,Sub5_Trial199_0,0,1,1,89.761138,False,3.955
5,199,3,m,20,23-May-2016,Sub5_Trial199_0,0,2,2,42.306683,False,3.955
5,199,3,m,20,23-May-2016,Sub5_Trial199_0,0,3,3,15.578548,False,3.955
5,199,3,m,20,23-May-2016,Sub5_Trial199_0,0,4,4,30.374227,False,3.955
5,199,3,m,20,23-May-2016,Sub5_Trial199_0,0,5,5,53.70857,False,3.955
5,199,3,m,20,23-May-2016,Sub5_Trial199_0,0,6,6,43.735967,False,3.955
5,199,3,m,20,23-May-2016,Sub5_Trial199_1,1,0,0,64.545432,True,3.955
5,199,3,m,20,23-May-2016,Sub5_Trial199_1,1,1,1,31.622068999999996,True,3.955
5,199,3,m,20,23-May-2016,Sub5_Trial199_1,1,2,2,-45.302898,True,3.955
5,199,3,m,20,23-May-2016,Sub5_Trial199_1,1,3,3,-101.789867,True,3.955
5,199,3,m,20,23-May-2016,Sub5_Trial199_1,1,4,4,-56.801819,True,3.955
5,199,3,m,20,23-May-2016,Sub5_Trial199_1,1,5,5,-21.570848,True,3.955
5,199,3,m,20,23-May-2016,Sub5_Trial199_1,1,6,6,67.81043,True,3.955
5,200,3,m,20,23-May-2016,Sub5_Trial200_0,0,0,0,-1.4493970000000012,False,0.549
5,200,3,m,20,23-May-2016,Sub5_Trial200_0,0,1,1,55.210982,False,0.549
5,200,3,m,20,23-May-2016,Sub5_Trial200_0,0,2,2,-102.085998,False,0.549
5,200,3,m,20,23-May-2016,Sub5_Trial200_0,0,3,3,12.794523,False,0.549
5,200,3,m,20,23-May-2016,Sub5_Trial200_0,0,4,4,-110.762856,False,0.549
5,200,3,m,20,23-May-2016,Sub5_Trial200_0,0,5,5,30.69355,False,0.549
5,200,3,m,20,23-May-2016,Sub5_Trial200_0,0,6,6,-44.19059300000001,False,0.549
5,200,3,m,20,23-May-2016,Sub5_Trial200_1,1,0,0,-118.17642,True,0.549
5,200,3,m,20,23-May-2016,Sub5_Trial200_1,1,1,1,7.944077,True,0.549
5,200,3,m,20,23-May-2016,Sub5_Trial200_1,1,2,2,-20.300283,True,0.549
5,200,3,m,20,23-May-2016,Sub5_Trial200_1,1,3,3,-6.610828,True,0.549
5,200,3,m,20,23-May-2016,Sub5_Trial200_1,1,4,4,2.873850000000001,True,0.549
5,200,3,m,20,23-May-2016,Sub5_Trial200_1,1,5,5,20.359003,True,0.549
5,200,3,m,20,23-May-2016,Sub5_Trial200_1,1,6,6,-77.581955,True,0.549
5,201,3,m,20,23-May-2016,Sub5_Trial201_0,0,0,0,-36.010653,False,1.691
5,201,3,m,20,23-May-2016,Sub5_Trial201_0,0,1,1,103.899806,False,1.691
5,201,3,m,20,23-May-2016,Sub5_Trial201_0,0,2,2,64.552635,False,1.691
5,201,3,m,20,23-May-2016,Sub5_Trial201_0,0,3,3,49.480328,False,1.691
5,201,3,m,20,23-May-2016,Sub5_Trial201_0,0,4,4,-1.7673459999999999,False,1.691
5,201,3,m,20,23-May-2016,Sub5_Trial201_0,0,5,5,11.281134999999999,False,1.691
5,201,3,m,20,23-May-2016,Sub5_Trial201_0,0,6,6,-50.345873,False,1.691
5,201,3,m,20,23-May-2016,Sub5_Trial201_1,1,0,0,55.543593,True,1.691
5,201,3,m,20,23-May-2016,Sub5_Trial201_1,1,1,1,121.252146,True,1.691
5,201,3,m,20,23-May-2016,Sub5_Trial201_1,1,2,2,32.561103,True,1.691
5,201,3,m,20,23-May-2016,Sub5_Trial201_1,1,3,3,36.229077,True,1.691
5,201,3,m,20,23-May-2016,Sub5_Trial201_1,1,4,4,-88.14598,True,1.691
5,201,3,m,20,23-May-2016,Sub5_Trial201_1,1,5,5,55.219068,True,1.691
5,201,3,m,20,23-May-2016,Sub5_Trial201_1,1,6,6,-60.60544899999999,True,1.691
5,202,3,m,20,23-May-2016,Sub5_Trial202_0,0,0,0,31.997744,False,0.612
5,202,3,m,20,23-May-2016,Sub5_Trial202_0,0,1,1,36.93795,False,0.612
5,202,3,m,20,23-May-2016,Sub5_Trial202_0,0,2,2,4.524229,False,0.612
5,202,3,m,20,23-May-2016,Sub5_Trial202_0,0,3,3,7.143878000000001,False,0.612
5,202,3,m,20,23-May-2016,Sub5_Trial202_0,0,4,4,106.723238,False,0.612
5,202,3,m,20,23-May-2016,Sub5_Trial202_0,0,5,5,-92.519475,False,0.612
5,202,3,m,20,23-May-2016,Sub5_Trial202_0,0,6,6,14.651355,False,0.612
5,202,3,m,20,23-May-2016,Sub5_Trial202_1,1,0,0,-16.556848,True,0.612
5,202,3,m,20,23-May-2016,Sub5_Trial202_1,1,1,1,-84.059447,True,0.612
5,202,3,m,20,23-May-2016,Sub5_Trial202_1,1,2,2,-62.678097,True,0.612
5,202,3,m,20,23-May-2016,Sub5_Trial202_1,1,3,3,81.301241,True,0.612
5,202,3,m,20,23-May-2016,Sub5_Trial202_1,1,4,4,-95.659601,True,0.612
5,202,3,m,20,23-May-2016,Sub5_Trial202_1,1,5,5,43.341959,True,0.612
5,202,3,m,20,23-May-2016,Sub5_Trial202_1,1,6,6,-5.402398999999999,True,0.612
5,203,3,m,20,23-May-2016,Sub5_Trial203_0,0,0,0,-0.4413100000000014,False,1.016
5,203,3,m,20,23-May-2016,Sub5_Trial203_0,0,1,1,48.98543699999999,False,1.016
5,203,3,m,20,23-May-2016,Sub5_Trial203_0,0,2,2,148.356572,False,1.016
5,203,3,m,20,23-May-2016,Sub5_Trial203_0,0,3,3,1.9476849999999999,False,1.016
5,203,3,m,20,23-May-2016,Sub5_Trial203_0,0,4,4,7.144559000000001,False,1.016
5,203,3,m,20,23-May-2016,Sub5_Trial203_0,0,5,5,-74.38404,False,1.016
5,203,3,m,20,23-May-2016,Sub5_Trial203_0,0,6,6,23.86927,False,1.016
5,203,3,m,20,23-May-2016,Sub5_Trial203_1,1,0,0,-82.815257,True,1.016
5,203,3,m,20,23-May-2016,Sub5_Trial203_1,1,1,1,94.552699,True,1.016
5,203,3,m,20,23-May-2016,Sub5_Trial203_1,1,2,2,2.2274969999999996,True,1.016
5,203,3,m,20,23-May-2016,Sub5_Trial203_1,1,3,3,-29.945856,True,1.016
5,203,3,m,20,23-May-2016,Sub5_Trial203_1,1,4,4,54.267647,True,1.016
5,203,3,m,20,23-May-2016,Sub5_Trial203_1,1,5,5,37.696866,True,1.016
5,203,3,m,20,23-May-2016,Sub5_Trial203_1,1,6,6,-71.211484,True,1.016
5,204,3,m,20,23-May-2016,Sub5_Trial204_0,0,0,0,-22.072259000000003,False,0.746
5,204,3,m,20,23-May-2016,Sub5_Trial204_0,0,1,1,23.223219,False,0.746
5,204,3,m,20,23-May-2016,Sub5_Trial204_0,0,2,2,21.189341,False,0.746
5,204,3,m,20,23-May-2016,Sub5_Trial204_0,0,3,3,-3.3554640000000013,False,0.746
5,204,3,m,20,23-May-2016,Sub5_Trial204_0,0,4,4,121.948055,False,0.746
5,204,3,m,20,23-May-2016,Sub5_Trial204_0,0,5,5,-22.686152,False,0.746
5,204,3,m,20,23-May-2016,Sub5_Trial204_0,0,6,6,-96.688065,False,0.746
5,204,3,m,20,23-May-2016,Sub5_Trial204_1,1,0,0,-67.044351,True,0.746
5,204,3,m,20,23-May-2016,Sub5_Trial204_1,1,1,1,-22.461247,True,0.746
5,204,3,m,20,23-May-2016,Sub5_Trial204_1,1,2,2,40.682982,True,0.746
5,204,3,m,20,23-May-2016,Sub5_Trial204_1,1,3,3,-59.716795,True,0.746
5,204,3,m,20,23-May-2016,Sub5_Trial204_1,1,4,4,-14.246968,True,0.746
5,204,3,m,20,23-May-2016,Sub5_Trial204_1,1,5,5,-22.403783,True,0.746
5,204,3,m,20,23-May-2016,Sub5_Trial204_1,1,6,6,-64.734024,True,0.746
5,205,3,m,20,23-May-2016,Sub5_Trial205_0,0,0,0,-78.775787,False,1.989
5,205,3,m,20,23-May-2016,Sub5_Trial205_0,0,1,1,-3.677809,False,1.989
5,205,3,m,20,23-May-2016,Sub5_Trial205_0,0,2,2,50.116924,False,1.989
5,205,3,m,20,23-May-2016,Sub5_Trial205_0,0,3,3,-74.748784,False,1.989
5,205,3,m,20,23-May-2016,Sub5_Trial205_0,0,4,4,96.189862,False,1.989
5,205,3,m,20,23-May-2016,Sub5_Trial205_0,0,5,5,4.404516000000001,False,1.989
5,205,3,m,20,23-May-2016,Sub5_Trial205_0,0,6,6,-44.675367,False,1.989
5,205,3,m,20,23-May-2016,Sub5_Trial205_1,1,0,0,-120.05549100000002,True,1.989
5,205,3,m,20,23-May-2016,Sub5_Trial205_1,1,1,1,-0.8980099999999993,True,1.989
5,205,3,m,20,23-May-2016,Sub5_Trial205_1,1,2,2,-119.58989600000001,True,1.989
5,205,3,m,20,23-May-2016,Sub5_Trial205_1,1,3,3,-49.111789,True,1.989
5,205,3,m,20,23-May-2016,Sub5_Trial205_1,1,4,4,-74.904857,True,1.989
5,205,3,m,20,23-May-2016,Sub5_Trial205_1,1,5,5,88.470614,True,1.989
5,205,3,m,20,23-May-2016,Sub5_Trial205_1,1,6,6,117.746638,True,1.989
5,206,3,m,20,23-May-2016,Sub5_Trial206_0,0,0,0,19.637766,False,1.445
5,206,3,m,20,23-May-2016,Sub5_Trial206_0,0,1,1,-55.13906,False,1.445
5,206,3,m,20,23-May-2016,Sub5_Trial206_0,0,2,2,-103.417603,False,1.445
5,206,3,m,20,23-May-2016,Sub5_Trial206_0,0,3,3,89.948985,False,1.445
5,206,3,m,20,23-May-2016,Sub5_Trial206_0,0,4,4,-60.149606,False,1.445
5,206,3,m,20,23-May-2016,Sub5_Trial206_0,0,5,5,-54.416274,False,1.445
5,206,3,m,20,23-May-2016,Sub5_Trial206_0,0,6,6,-1.0988119999999988,False,1.445
5,206,3,m,20,23-May-2016,Sub5_Trial206_1,1,0,0,82.876391,True,1.445
5,206,3,m,20,23-May-2016,Sub5_Trial206_1,1,1,1,25.257313,True,1.445
5,206,3,m,20,23-May-2016,Sub5_Trial206_1,1,2,2,-32.950128,True,1.445
5,206,3,m,20,23-May-2016,Sub5_Trial206_1,1,3,3,17.164717,True,1.445
5,206,3,m,20,23-May-2016,Sub5_Trial206_1,1,4,4,-80.833583,True,1.445
5,206,3,m,20,23-May-2016,Sub5_Trial206_1,1,5,5,56.677887,True,1.445
5,206,3,m,20,23-May-2016,Sub5_Trial206_1,1,6,6,-102.923313,True,1.445
5,207,3,m,20,23-May-2016,Sub5_Trial207_0,0,0,0,87.117623,False,0.791
5,207,3,m,20,23-May-2016,Sub5_Trial207_0,0,1,1,85.250248,False,0.791
5,207,3,m,20,23-May-2016,Sub5_Trial207_0,0,2,2,-35.276693,False,0.791
5,207,3,m,20,23-May-2016,Sub5_Trial207_0,0,3,3,7.9694980000000015,False,0.791
5,207,3,m,20,23-May-2016,Sub5_Trial207_0,0,4,4,-141.88879,False,0.791
5,207,3,m,20,23-May-2016,Sub5_Trial207_0,0,5,5,11.671408,False,0.791
5,207,3,m,20,23-May-2016,Sub5_Trial207_0,0,6,6,-22.461393,False,0.791
5,207,3,m,20,23-May-2016,Sub5_Trial207_1,1,0,0,-132.133138,True,0.791
5,207,3,m,20,23-May-2016,Sub5_Trial207_1,1,1,1,-4.695789000000001,True,0.791
5,207,3,m,20,23-May-2016,Sub5_Trial207_1,1,2,2,0.6683449999999986,True,0.791
5,207,3,m,20,23-May-2016,Sub5_Trial207_1,1,3,3,-76.355218,True,0.791
5,207,3,m,20,23-May-2016,Sub5_Trial207_1,1,4,4,-99.807876,True,0.791
5,207,3,m,20,23-May-2016,Sub5_Trial207_1,1,5,5,55.126395,True,0.791
5,207,3,m,20,23-May-2016,Sub5_Trial207_1,1,6,6,86.158834,True,0.791
5,208,3,m,20,23-May-2016,Sub5_Trial208_0,0,0,0,96.587267,True,0.995
5,208,3,m,20,23-May-2016,Sub5_Trial208_0,0,1,1,40.087463,True,0.995
5,208,3,m,20,23-May-2016,Sub5_Trial208_0,0,2,2,8.129017,True,0.995
5,208,3,m,20,23-May-2016,Sub5_Trial208_0,0,3,3,-103.121986,True,0.995
5,208,3,m,20,23-May-2016,Sub5_Trial208_0,0,4,4,-14.402999000000001,True,0.995
5,208,3,m,20,23-May-2016,Sub5_Trial208_0,0,5,5,52.670744,True,0.995
5,208,3,m,20,23-May-2016,Sub5_Trial208_0,0,6,6,1.1646619999999999,True,0.995
5,208,3,m,20,23-May-2016,Sub5_Trial208_1,1,0,0,32.422504,False,0.995
5,208,3,m,20,23-May-2016,Sub5_Trial208_1,1,1,1,-5.276327,False,0.995
5,208,3,m,20,23-May-2016,Sub5_Trial208_1,1,2,2,30.049458,False,0.995
5,208,3,m,20,23-May-2016,Sub5_Trial208_1,1,3,3,31.122715999999997,False,0.995
5,208,3,m,20,23-May-2016,Sub5_Trial208_1,1,4,4,-31.495019,False,0.995
5,208,3,m,20,23-May-2016,Sub5_Trial208_1,1,5,5,6.574034000000001,False,0.995
5,208,3,m,20,23-May-2016,Sub5_Trial208_1,1,6,6,-19.462781,False,0.995
5,209,3,m,20,23-May-2016,Sub5_Trial209_0,0,0,0,-61.882147,False,0.975
5,209,3,m,20,23-May-2016,Sub5_Trial209_0,0,1,1,28.154287,False,0.975
5,209,3,m,20,23-May-2016,Sub5_Trial209_0,0,2,2,-26.284951,False,0.975
5,209,3,m,20,23-May-2016,Sub5_Trial209_0,0,3,3,31.349592,False,0.975
5,209,3,m,20,23-May-2016,Sub5_Trial209_0,0,4,4,57.573335,False,0.975
5,209,3,m,20,23-May-2016,Sub5_Trial209_0,0,5,5,-9.660483,False,0.975
5,209,3,m,20,23-May-2016,Sub5_Trial209_0,0,6,6,95.408136,False,0.975
5,209,3,m,20,23-May-2016,Sub5_Trial209_1,1,0,0,-5.212046000000001,True,0.975
5,209,3,m,20,23-May-2016,Sub5_Trial209_1,1,1,1,-15.568168,True,0.975
5,209,3,m,20,23-May-2016,Sub5_Trial209_1,1,2,2,32.729343,True,0.975
5,209,3,m,20,23-May-2016,Sub5_Trial209_1,1,3,3,20.388222,True,0.975
5,209,3,m,20,23-May-2016,Sub5_Trial209_1,1,4,4,-95.338492,True,0.975
5,209,3,m,20,23-May-2016,Sub5_Trial209_1,1,5,5,81.324372,True,0.975
5,209,3,m,20,23-May-2016,Sub5_Trial209_1,1,6,6,94.820104,True,0.975
5,210,3,m,20,23-May-2016,Sub5_Trial210_0,0,0,0,22.967244,True,1.535
5,210,3,m,20,23-May-2016,Sub5_Trial210_0,0,1,1,-149.672983,True,1.535
5,210,3,m,20,23-May-2016,Sub5_Trial210_0,0,2,2,-31.446948,True,1.535
5,210,3,m,20,23-May-2016,Sub5_Trial210_0,0,3,3,95.153531,True,1.535
5,210,3,m,20,23-May-2016,Sub5_Trial210_0,0,4,4,-115.107249,True,1.535
5,210,3,m,20,23-May-2016,Sub5_Trial210_0,0,5,5,-48.8412,True,1.535
5,210,3,m,20,23-May-2016,Sub5_Trial210_0,0,6,6,59.40507199999999,True,1.535
5,210,3,m,20,23-May-2016,Sub5_Trial210_1,1,0,0,77.797801,False,1.535
5,210,3,m,20,23-May-2016,Sub5_Trial210_1,1,1,1,71.43729,False,1.535
5,210,3,m,20,23-May-2016,Sub5_Trial210_1,1,2,2,59.440579,False,1.535
5,210,3,m,20,23-May-2016,Sub5_Trial210_1,1,3,3,20.80765,False,1.535
5,210,3,m,20,23-May-2016,Sub5_Trial210_1,1,4,4,28.897723,False,1.535
5,210,3,m,20,23-May-2016,Sub5_Trial210_1,1,5,5,-58.525065,False,1.535
5,210,3,m,20,23-May-2016,Sub5_Trial210_1,1,6,6,-74.531899,False,1.535
5,211,3,m,20,23-May-2016,Sub5_Trial211_0,0,0,0,-1.0666340000000005,False,0.66
5,211,3,m,20,23-May-2016,Sub5_Trial211_0,0,1,1,21.753511,False,0.66
5,211,3,m,20,23-May-2016,Sub5_Trial211_0,0,2,2,139.470566,False,0.66
5,211,3,m,20,23-May-2016,Sub5_Trial211_0,0,3,3,111.609155,False,0.66
5,211,3,m,20,23-May-2016,Sub5_Trial211_0,0,4,4,39.309472,False,0.66
5,211,3,m,20,23-May-2016,Sub5_Trial211_0,0,5,5,-25.701458000000002,False,0.66
5,211,3,m,20,23-May-2016,Sub5_Trial211_0,0,6,6,-103.87391,False,0.66
5,211,3,m,20,23-May-2016,Sub5_Trial211_1,1,0,0,65.461948,True,0.66
5,211,3,m,20,23-May-2016,Sub5_Trial211_1,1,1,1,124.59974299999999,True,0.66
5,211,3,m,20,23-May-2016,Sub5_Trial211_1,1,2,2,-49.499985,True,0.66
5,211,3,m,20,23-May-2016,Sub5_Trial211_1,1,3,3,16.56807,True,0.66
5,211,3,m,20,23-May-2016,Sub5_Trial211_1,1,4,4,69.524123,True,0.66
5,211,3,m,20,23-May-2016,Sub5_Trial211_1,1,5,5,18.586448000000004,True,0.66
5,211,3,m,20,23-May-2016,Sub5_Trial211_1,1,6,6,45.34112400000001,True,0.66
5,212,3,m,20,23-May-2016,Sub5_Trial212_0,0,0,0,43.723979,True,6.818
5,212,3,m,20,23-May-2016,Sub5_Trial212_0,0,1,1,114.46979,True,6.818
5,212,3,m,20,23-May-2016,Sub5_Trial212_0,0,2,2,-61.754423,True,6.818
5,212,3,m,20,23-May-2016,Sub5_Trial212_0,0,3,3,-117.673247,True,6.818
5,212,3,m,20,23-May-2016,Sub5_Trial212_0,0,4,4,-124.616825,True,6.818
5,212,3,m,20,23-May-2016,Sub5_Trial212_0,0,5,5,123.124916,True,6.818
5,212,3,m,20,23-May-2016,Sub5_Trial212_0,0,6,6,-121.27235200000001,True,6.818
5,212,3,m,20,23-May-2016,Sub5_Trial212_1,1,0,0,77.215591,False,6.818
5,212,3,m,20,23-May-2016,Sub5_Trial212_1,1,1,1,71.165927,False,6.818
5,212,3,m,20,23-May-2016,Sub5_Trial212_1,1,2,2,-35.203684,False,6.818
5,212,3,m,20,23-May-2016,Sub5_Trial212_1,1,3,3,-71.608824,False,6.818
5,212,3,m,20,23-May-2016,Sub5_Trial212_1,1,4,4,131.601027,False,6.818
5,212,3,m,20,23-May-2016,Sub5_Trial212_1,1,5,5,75.95053,False,6.818
5,212,3,m,20,23-May-2016,Sub5_Trial212_1,1,6,6,-18.24831,False,6.818
5,213,3,m,20,23-May-2016,Sub5_Trial213_0,0,0,0,-7.5315270000000005,True,0.848
5,213,3,m,20,23-May-2016,Sub5_Trial213_0,0,1,1,-3.235230999999999,True,0.848
5,213,3,m,20,23-May-2016,Sub5_Trial213_0,0,2,2,-34.102538,True,0.848
5,213,3,m,20,23-May-2016,Sub5_Trial213_0,0,3,3,-22.28475,True,0.848
5,213,3,m,20,23-May-2016,Sub5_Trial213_0,0,4,4,19.054050000000004,True,0.848
5,213,3,m,20,23-May-2016,Sub5_Trial213_0,0,5,5,7.515837999999999,True,0.848
5,213,3,m,20,23-May-2016,Sub5_Trial213_0,0,6,6,-10.327119,True,0.848
5,213,3,m,20,23-May-2016,Sub5_Trial213_1,1,0,0,-68.407591,False,0.848
5,213,3,m,20,23-May-2016,Sub5_Trial213_1,1,1,1,-10.881974,False,0.848
5,213,3,m,20,23-May-2016,Sub5_Trial213_1,1,2,2,4.048674,False,0.848
5,213,3,m,20,23-May-2016,Sub5_Trial213_1,1,3,3,18.187349,False,0.848
5,213,3,m,20,23-May-2016,Sub5_Trial213_1,1,4,4,43.73794,False,0.848
5,213,3,m,20,23-May-2016,Sub5_Trial213_1,1,5,5,65.300332,False,0.848
5,213,3,m,20,23-May-2016,Sub5_Trial213_1,1,6,6,-0.30763299999999916,False,0.848
5,214,3,m,20,23-May-2016,Sub5_Trial214_0,0,0,0,-52.521026000000006,False,1.165
5,214,3,m,20,23-May-2016,Sub5_Trial214_0,0,1,1,3.888190999999999,False,1.165
5,214,3,m,20,23-May-2016,Sub5_Trial214_0,0,2,2,-49.730838000000006,False,1.165
5,214,3,m,20,23-May-2016,Sub5_Trial214_0,0,3,3,-38.259512,False,1.165
5,214,3,m,20,23-May-2016,Sub5_Trial214_0,0,4,4,96.875956,False,1.165
5,214,3,m,20,23-May-2016,Sub5_Trial214_0,0,5,5,-1.063084,False,1.165
5,214,3,m,20,23-May-2016,Sub5_Trial214_0,0,6,6,9.536423,False,1.165
5,214,3,m,20,23-May-2016,Sub5_Trial214_1,1,0,0,-28.57015,True,1.165
5,214,3,m,20,23-May-2016,Sub5_Trial214_1,1,1,1,125.919727,True,1.165
5,214,3,m,20,23-May-2016,Sub5_Trial214_1,1,2,2,68.469301,True,1.165
5,214,3,m,20,23-May-2016,Sub5_Trial214_1,1,3,3,-92.488657,True,1.165
5,214,3,m,20,23-May-2016,Sub5_Trial214_1,1,4,4,-88.371005,True,1.165
5,214,3,m,20,23-May-2016,Sub5_Trial214_1,1,5,5,32.412841,True,1.165
5,214,3,m,20,23-May-2016,Sub5_Trial214_1,1,6,6,-3.4247890000000005,True,1.165
5,215,3,m,20,23-May-2016,Sub5_Trial215_0,0,0,0,58.578236000000004,False,1.131
5,215,3,m,20,23-May-2016,Sub5_Trial215_0,0,1,1,-29.281781,False,1.131
5,215,3,m,20,23-May-2016,Sub5_Trial215_0,0,2,2,6.735686000000001,False,1.131
5,215,3,m,20,23-May-2016,Sub5_Trial215_0,0,3,3,-15.326187,False,1.131
5,215,3,m,20,23-May-2016,Sub5_Trial215_0,0,4,4,-91.349886,False,1.131
5,215,3,m,20,23-May-2016,Sub5_Trial215_0,0,5,5,-90.248999,False,1.131
5,215,3,m,20,23-May-2016,Sub5_Trial215_0,0,6,6,-92.009952,False,1.131
5,215,3,m,20,23-May-2016,Sub5_Trial215_1,1,0,0,19.622561,True,1.131
5,215,3,m,20,23-May-2016,Sub5_Trial215_1,1,1,1,-67.198686,True,1.131
5,215,3,m,20,23-May-2016,Sub5_Trial215_1,1,2,2,-78.785915,True,1.131
5,215,3,m,20,23-May-2016,Sub5_Trial215_1,1,3,3,-13.862566000000001,True,1.131
5,215,3,m,20,23-May-2016,Sub5_Trial215_1,1,4,4,-108.261717,True,1.131
5,215,3,m,20,23-May-2016,Sub5_Trial215_1,1,5,5,-85.331953,True,1.131
5,215,3,m,20,23-May-2016,Sub5_Trial215_1,1,6,6,-49.994384,True,1.131
5,216,3,m,20,23-May-2016,Sub5_Trial216_0,0,0,0,-81.87284,False,1.773
5,216,3,m,20,23-May-2016,Sub5_Trial216_0,0,1,1,113.50947,False,1.773
5,216,3,m,20,23-May-2016,Sub5_Trial216_0,0,2,2,9.531545999999999,False,1.773
5,216,3,m,20,23-May-2016,Sub5_Trial216_0,0,3,3,-27.522847,False,1.773
5,216,3,m,20,23-May-2016,Sub5_Trial216_0,0,4,4,-1.1685240000000015,False,1.773
5,216,3,m,20,23-May-2016,Sub5_Trial216_0,0,5,5,-56.827754,False,1.773
5,216,3,m,20,23-May-2016,Sub5_Trial216_0,0,6,6,42.576336,False,1.773
5,216,3,m,20,23-May-2016,Sub5_Trial216_1,1,0,0,10.578188,True,1.773
5,216,3,m,20,23-May-2016,Sub5_Trial216_1,1,1,1,46.69262,True,1.773
5,216,3,m,20,23-May-2016,Sub5_Trial216_1,1,2,2,68.057564,True,1.773
5,216,3,m,20,23-May-2016,Sub5_Trial216_1,1,3,3,-67.576255,True,1.773
5,216,3,m,20,23-May-2016,Sub5_Trial216_1,1,4,4,42.705147,True,1.773
5,216,3,m,20,23-May-2016,Sub5_Trial216_1,1,5,5,-10.398121,True,1.773
5,216,3,m,20,23-May-2016,Sub5_Trial216_1,1,6,6,-24.155795999999995,True,1.773
5,217,3,m,20,23-May-2016,Sub5_Trial217_0,0,0,0,-39.128888,False,3.919
5,217,3,m,20,23-May-2016,Sub5_Trial217_0,0,1,1,-64.048138,False,3.919
5,217,3,m,20,23-May-2016,Sub5_Trial217_0,0,2,2,88.862538,False,3.919
5,217,3,m,20,23-May-2016,Sub5_Trial217_0,0,3,3,16.088269,False,3.919
5,217,3,m,20,23-May-2016,Sub5_Trial217_0,0,4,4,2.3184910000000016,False,3.919
5,217,3,m,20,23-May-2016,Sub5_Trial217_0,0,5,5,73.247669,False,3.919
5,217,3,m,20,23-May-2016,Sub5_Trial217_0,0,6,6,57.483001,False,3.919
5,217,3,m,20,23-May-2016,Sub5_Trial217_1,1,0,0,-75.372124,True,3.919
5,217,3,m,20,23-May-2016,Sub5_Trial217_1,1,1,1,-81.679737,True,3.919
5,217,3,m,20,23-May-2016,Sub5_Trial217_1,1,2,2,-111.535387,True,3.919
5,217,3,m,20,23-May-2016,Sub5_Trial217_1,1,3,3,36.480836,True,3.919
5,217,3,m,20,23-May-2016,Sub5_Trial217_1,1,4,4,48.17684800000001,True,3.919
5,217,3,m,20,23-May-2016,Sub5_Trial217_1,1,5,5,57.76116999999999,True,3.919
5,217,3,m,20,23-May-2016,Sub5_Trial217_1,1,6,6,63.89161,True,3.919
5,218,3,m,20,23-May-2016,Sub5_Trial218_0,0,0,0,57.985569,False,0.859
5,218,3,m,20,23-May-2016,Sub5_Trial218_0,0,1,1,-1.5868740000000017,False,0.859
5,218,3,m,20,23-May-2016,Sub5_Trial218_0,0,2,2,-64.515261,False,0.859
5,218,3,m,20,23-May-2016,Sub5_Trial218_0,0,3,3,-32.406778,False,0.859
5,218,3,m,20,23-May-2016,Sub5_Trial218_0,0,4,4,58.330179,False,0.859
5,218,3,m,20,23-May-2016,Sub5_Trial218_0,0,5,5,-27.497287,False,0.859
5,218,3,m,20,23-May-2016,Sub5_Trial218_0,0,6,6,-29.500661,False,0.859
5,218,3,m,20,23-May-2016,Sub5_Trial218_1,1,0,0,92.167364,True,0.859
5,218,3,m,20,23-May-2016,Sub5_Trial218_1,1,1,1,-73.233556,True,0.859
5,218,3,m,20,23-May-2016,Sub5_Trial218_1,1,2,2,-22.672185,True,0.859
5,218,3,m,20,23-May-2016,Sub5_Trial218_1,1,3,3,-88.681966,True,0.859
5,218,3,m,20,23-May-2016,Sub5_Trial218_1,1,4,4,-7.847819000000001,True,0.859
5,218,3,m,20,23-May-2016,Sub5_Trial218_1,1,5,5,28.184731999999997,True,0.859
5,218,3,m,20,23-May-2016,Sub5_Trial218_1,1,6,6,5.292073000000002,True,0.859
5,219,3,m,20,23-May-2016,Sub5_Trial219_0,0,0,0,18.461443000000003,False,2.75
5,219,3,m,20,23-May-2016,Sub5_Trial219_0,0,1,1,32.756202,False,2.75
5,219,3,m,20,23-May-2016,Sub5_Trial219_0,0,2,2,-40.433035,False,2.75
5,219,3,m,20,23-May-2016,Sub5_Trial219_0,0,3,3,-26.879591,False,2.75
5,219,3,m,20,23-May-2016,Sub5_Trial219_0,0,4,4,36.343911,False,2.75
5,219,3,m,20,23-May-2016,Sub5_Trial219_0,0,5,5,19.411212,False,2.75
5,219,3,m,20,23-May-2016,Sub5_Trial219_0,0,6,6,0.4873660000000015,False,2.75
5,219,3,m,20,23-May-2016,Sub5_Trial219_1,1,0,0,3.953399000000001,True,2.75
5,219,3,m,20,23-May-2016,Sub5_Trial219_1,1,1,1,-2.281407999999999,True,2.75
5,219,3,m,20,23-May-2016,Sub5_Trial219_1,1,2,2,134.536644,True,2.75
5,219,3,m,20,23-May-2016,Sub5_Trial219_1,1,3,3,-14.060614999999999,True,2.75
5,219,3,m,20,23-May-2016,Sub5_Trial219_1,1,4,4,36.999011,True,2.75
5,219,3,m,20,23-May-2016,Sub5_Trial219_1,1,5,5,93.32448,True,2.75
5,219,3,m,20,23-May-2016,Sub5_Trial219_1,1,6,6,-47.49784199999999,True,2.75
5,220,3,m,20,23-May-2016,Sub5_Trial220_0,0,0,0,16.032649,True,2.189
5,220,3,m,20,23-May-2016,Sub5_Trial220_0,0,1,1,-23.130121000000003,True,2.189
5,220,3,m,20,23-May-2016,Sub5_Trial220_0,0,2,2,-52.057559999999995,True,2.189
5,220,3,m,20,23-May-2016,Sub5_Trial220_0,0,3,3,-43.291499,True,2.189
5,220,3,m,20,23-May-2016,Sub5_Trial220_0,0,4,4,46.727083,True,2.189
5,220,3,m,20,23-May-2016,Sub5_Trial220_0,0,5,5,59.413602,True,2.189
5,220,3,m,20,23-May-2016,Sub5_Trial220_0,0,6,6,26.396857,True,2.189
5,220,3,m,20,23-May-2016,Sub5_Trial220_1,1,0,0,-33.705291,False,2.189
5,220,3,m,20,23-May-2016,Sub5_Trial220_1,1,1,1,58.79742,False,2.189
5,220,3,m,20,23-May-2016,Sub5_Trial220_1,1,2,2,-14.237068,False,2.189
5,220,3,m,20,23-May-2016,Sub5_Trial220_1,1,3,3,18.007509999999996,False,2.189
5,220,3,m,20,23-May-2016,Sub5_Trial220_1,1,4,4,17.329679,False,2.189
5,220,3,m,20,23-May-2016,Sub5_Trial220_1,1,5,5,18.434149000000005,False,2.189
5,220,3,m,20,23-May-2016,Sub5_Trial220_1,1,6,6,-94.398293,False,2.189
5,221,3,m,20,23-May-2016,Sub5_Trial221_0,0,0,0,-6.823736,False,0.722
5,221,3,m,20,23-May-2016,Sub5_Trial221_0,0,1,1,-3.9601299999999995,False,0.722
5,221,3,m,20,23-May-2016,Sub5_Trial221_0,0,2,2,-26.636819000000003,False,0.722
5,221,3,m,20,23-May-2016,Sub5_Trial221_0,0,3,3,-8.290872,False,0.722
5,221,3,m,20,23-May-2016,Sub5_Trial221_0,0,4,4,82.92596,False,0.722
5,221,3,m,20,23-May-2016,Sub5_Trial221_0,0,5,5,-64.078811,False,0.722
5,221,3,m,20,23-May-2016,Sub5_Trial221_0,0,6,6,15.187519,False,0.722
5,221,3,m,20,23-May-2016,Sub5_Trial221_1,1,0,0,-141.474718,True,0.722
5,221,3,m,20,23-May-2016,Sub5_Trial221_1,1,1,1,121.474437,True,0.722
5,221,3,m,20,23-May-2016,Sub5_Trial221_1,1,2,2,-69.519866,True,0.722
5,221,3,m,20,23-May-2016,Sub5_Trial221_1,1,3,3,-26.228734,True,0.722
5,221,3,m,20,23-May-2016,Sub5_Trial221_1,1,4,4,83.755482,True,0.722
5,221,3,m,20,23-May-2016,Sub5_Trial221_1,1,5,5,52.48126500000001,True,0.722
5,221,3,m,20,23-May-2016,Sub5_Trial221_1,1,6,6,8.542233,True,0.722
5,222,3,m,20,23-May-2016,Sub5_Trial222_0,0,0,0,91.057718,True,0.978
5,222,3,m,20,23-May-2016,Sub5_Trial222_0,0,1,1,20.71996,True,0.978
5,222,3,m,20,23-May-2016,Sub5_Trial222_0,0,2,2,-78.765336,True,0.978
5,222,3,m,20,23-May-2016,Sub5_Trial222_0,0,3,3,14.385506,True,0.978
5,222,3,m,20,23-May-2016,Sub5_Trial222_0,0,4,4,11.318392,True,0.978
5,222,3,m,20,23-May-2016,Sub5_Trial222_0,0,5,5,0.04287100000000166,True,0.978
5,222,3,m,20,23-May-2016,Sub5_Trial222_0,0,6,6,-12.575184,True,0.978
5,222,3,m,20,23-May-2016,Sub5_Trial222_1,1,0,0,1.9063900000000018,False,0.978
5,222,3,m,20,23-May-2016,Sub5_Trial222_1,1,1,1,-4.757705000000001,False,0.978
5,222,3,m,20,23-May-2016,Sub5_Trial222_1,1,2,2,26.335434,False,0.978
5,222,3,m,20,23-May-2016,Sub5_Trial222_1,1,3,3,24.154147,False,0.978
5,222,3,m,20,23-May-2016,Sub5_Trial222_1,1,4,4,-4.592597999999999,False,0.978
5,222,3,m,20,23-May-2016,Sub5_Trial222_1,1,5,5,-13.885440000000003,False,0.978
5,222,3,m,20,23-May-2016,Sub5_Trial222_1,1,6,6,-52.381856,False,0.978
5,223,3,m,20,23-May-2016,Sub5_Trial223_0,0,0,0,-101.611023,True,1.131
5,223,3,m,20,23-May-2016,Sub5_Trial223_0,0,1,1,-62.652954,True,1.131
5,223,3,m,20,23-May-2016,Sub5_Trial223_0,0,2,2,47.727879,True,1.131
5,223,3,m,20,23-May-2016,Sub5_Trial223_0,0,3,3,4.286434,True,1.131
5,223,3,m,20,23-May-2016,Sub5_Trial223_0,0,4,4,29.133808000000002,True,1.131
5,223,3,m,20,23-May-2016,Sub5_Trial223_0,0,5,5,-15.175678,True,1.131
5,223,3,m,20,23-May-2016,Sub5_Trial223_0,0,6,6,-52.668132,True,1.131
5,223,3,m,20,23-May-2016,Sub5_Trial223_1,1,0,0,-2.969156999999999,False,1.131
5,223,3,m,20,23-May-2016,Sub5_Trial223_1,1,1,1,41.911266,False,1.131
5,223,3,m,20,23-May-2016,Sub5_Trial223_1,1,2,2,93.225706,False,1.131
5,223,3,m,20,23-May-2016,Sub5_Trial223_1,1,3,3,54.926062,False,1.131
5,223,3,m,20,23-May-2016,Sub5_Trial223_1,1,4,4,-38.795375,False,1.131
5,223,3,m,20,23-May-2016,Sub5_Trial223_1,1,5,5,-69.519985,False,1.131
5,223,3,m,20,23-May-2016,Sub5_Trial223_1,1,6,6,-29.094904,False,1.131
5,224,3,m,20,23-May-2016,Sub5_Trial224_0,0,0,0,66.113262,False,0.643
5,224,3,m,20,23-May-2016,Sub5_Trial224_0,0,1,1,-44.149018,False,0.643
5,224,3,m,20,23-May-2016,Sub5_Trial224_0,0,2,2,36.440248,False,0.643
5,224,3,m,20,23-May-2016,Sub5_Trial224_0,0,3,3,-25.725346000000002,False,0.643
5,224,3,m,20,23-May-2016,Sub5_Trial224_0,0,4,4,51.803379,False,0.643
5,224,3,m,20,23-May-2016,Sub5_Trial224_0,0,5,5,-31.754727000000003,False,0.643
5,224,3,m,20,23-May-2016,Sub5_Trial224_0,0,6,6,-67.040986,False,0.643
5,224,3,m,20,23-May-2016,Sub5_Trial224_1,1,0,0,0.3326360000000008,True,0.643
5,224,3,m,20,23-May-2016,Sub5_Trial224_1,1,1,1,48.558762,True,0.643
5,224,3,m,20,23-May-2016,Sub5_Trial224_1,1,2,2,57.038467999999995,True,0.643
5,224,3,m,20,23-May-2016,Sub5_Trial224_1,1,3,3,-37.363802,True,0.643
5,224,3,m,20,23-May-2016,Sub5_Trial224_1,1,4,4,94.167625,True,0.643
5,224,3,m,20,23-May-2016,Sub5_Trial224_1,1,5,5,20.138945,True,0.643
5,224,3,m,20,23-May-2016,Sub5_Trial224_1,1,6,6,-23.867003,True,0.643
5,225,3,m,20,23-May-2016,Sub5_Trial225_0,0,0,0,-129.227802,True,0.675
5,225,3,m,20,23-May-2016,Sub5_Trial225_0,0,1,1,-92.848751,True,0.675
5,225,3,m,20,23-May-2016,Sub5_Trial225_0,0,2,2,6.441200000000002,True,0.675
5,225,3,m,20,23-May-2016,Sub5_Trial225_0,0,3,3,12.942256,True,0.675
5,225,3,m,20,23-May-2016,Sub5_Trial225_0,0,4,4,146.876115,True,0.675
5,225,3,m,20,23-May-2016,Sub5_Trial225_0,0,5,5,-26.741606,True,0.675
5,225,3,m,20,23-May-2016,Sub5_Trial225_0,0,6,6,-42.679144,True,0.675
5,225,3,m,20,23-May-2016,Sub5_Trial225_1,1,0,0,-54.246768,False,0.675
5,225,3,m,20,23-May-2016,Sub5_Trial225_1,1,1,1,-61.864614,False,0.675
5,225,3,m,20,23-May-2016,Sub5_Trial225_1,1,2,2,-39.165208,False,0.675
5,225,3,m,20,23-May-2016,Sub5_Trial225_1,1,3,3,42.809994,False,0.675
5,225,3,m,20,23-May-2016,Sub5_Trial225_1,1,4,4,-16.900667,False,0.675
5,225,3,m,20,23-May-2016,Sub5_Trial225_1,1,5,5,-80.064238,False,0.675
5,225,3,m,20,23-May-2016,Sub5_Trial225_1,1,6,6,67.343671,False,0.675
5,226,3,m,20,23-May-2016,Sub5_Trial226_0,0,0,0,31.969385,True,0.888
5,226,3,m,20,23-May-2016,Sub5_Trial226_0,0,1,1,27.796902,True,0.888
5,226,3,m,20,23-May-2016,Sub5_Trial226_0,0,2,2,14.526119,True,0.888
5,226,3,m,20,23-May-2016,Sub5_Trial226_0,0,3,3,80.593585,True,0.888
5,226,3,m,20,23-May-2016,Sub5_Trial226_0,0,4,4,-116.25958500000002,True,0.888
5,226,3,m,20,23-May-2016,Sub5_Trial226_0,0,5,5,-20.378164999999996,True,0.888
5,226,3,m,20,23-May-2016,Sub5_Trial226_0,0,6,6,-73.890137,True,0.888
5,226,3,m,20,23-May-2016,Sub5_Trial226_1,1,0,0,-16.6656,False,0.888
5,226,3,m,20,23-May-2016,Sub5_Trial226_1,1,1,1,31.970923999999997,False,0.888
5,226,3,m,20,23-May-2016,Sub5_Trial226_1,1,2,2,-84.480673,False,0.888
5,226,3,m,20,23-May-2016,Sub5_Trial226_1,1,3,3,-14.940138,False,0.888
5,226,3,m,20,23-May-2016,Sub5_Trial226_1,1,4,4,-9.285303,False,0.888
5,226,3,m,20,23-May-2016,Sub5_Trial226_1,1,5,5,-68.826405,False,0.888
5,226,3,m,20,23-May-2016,Sub5_Trial226_1,1,6,6,-79.856905,False,0.888
5,227,3,m,20,23-May-2016,Sub5_Trial227_0,0,0,0,-6.030799999999999,False,0.599
5,227,3,m,20,23-May-2016,Sub5_Trial227_0,0,1,1,-86.185038,False,0.599
5,227,3,m,20,23-May-2016,Sub5_Trial227_0,0,2,2,5.423641,False,0.599
5,227,3,m,20,23-May-2016,Sub5_Trial227_0,0,3,3,14.373168,False,0.599
5,227,3,m,20,23-May-2016,Sub5_Trial227_0,0,4,4,96.190036,False,0.599
5,227,3,m,20,23-May-2016,Sub5_Trial227_0,0,5,5,-53.234837,False,0.599
5,227,3,m,20,23-May-2016,Sub5_Trial227_0,0,6,6,-145.647284,False,0.599
5,227,3,m,20,23-May-2016,Sub5_Trial227_1,1,0,0,-123.454992,True,0.599
5,227,3,m,20,23-May-2016,Sub5_Trial227_1,1,1,1,45.241278,True,0.599
5,227,3,m,20,23-May-2016,Sub5_Trial227_1,1,2,2,9.139338,True,0.599
5,227,3,m,20,23-May-2016,Sub5_Trial227_1,1,3,3,8.984401,True,0.599
5,227,3,m,20,23-May-2016,Sub5_Trial227_1,1,4,4,23.637305,True,0.599
5,227,3,m,20,23-May-2016,Sub5_Trial227_1,1,5,5,20.785529,True,0.599
5,227,3,m,20,23-May-2016,Sub5_Trial227_1,1,6,6,56.786951,True,0.599
5,228,3,m,20,23-May-2016,Sub5_Trial228_0,0,0,0,-87.399389,False,1.382
5,228,3,m,20,23-May-2016,Sub5_Trial228_0,0,1,1,52.274534,False,1.382
5,228,3,m,20,23-May-2016,Sub5_Trial228_0,0,2,2,41.719425,False,1.382
5,228,3,m,20,23-May-2016,Sub5_Trial228_0,0,3,3,130.404261,False,1.382
5,228,3,m,20,23-May-2016,Sub5_Trial228_0,0,4,4,-60.812799,False,1.382
5,228,3,m,20,23-May-2016,Sub5_Trial228_0,0,5,5,25.676124,False,1.382
5,228,3,m,20,23-May-2016,Sub5_Trial228_0,0,6,6,38.561851,False,1.382
5,228,3,m,20,23-May-2016,Sub5_Trial228_1,1,0,0,20.004019999999997,True,1.382
5,228,3,m,20,23-May-2016,Sub5_Trial228_1,1,1,1,-96.042978,True,1.382
5,228,3,m,20,23-May-2016,Sub5_Trial228_1,1,2,2,0.7174499999999995,True,1.382
5,228,3,m,20,23-May-2016,Sub5_Trial228_1,1,3,3,94.836948,True,1.382
5,228,3,m,20,23-May-2016,Sub5_Trial228_1,1,4,4,-44.76295,True,1.382
5,228,3,m,20,23-May-2016,Sub5_Trial228_1,1,5,5,19.467298,True,1.382
5,228,3,m,20,23-May-2016,Sub5_Trial228_1,1,6,6,-4.096577,True,1.382
5,229,3,m,20,23-May-2016,Sub5_Trial229_0,0,0,0,-45.85123,True,0.68
5,229,3,m,20,23-May-2016,Sub5_Trial229_0,0,1,1,-43.611204,True,0.68
5,229,3,m,20,23-May-2016,Sub5_Trial229_0,0,2,2,10.616308,True,0.68
5,229,3,m,20,23-May-2016,Sub5_Trial229_0,0,3,3,111.32646699999998,True,0.68
5,229,3,m,20,23-May-2016,Sub5_Trial229_0,0,4,4,67.783285,True,0.68
5,229,3,m,20,23-May-2016,Sub5_Trial229_0,0,5,5,-2.7359539999999996,True,0.68
5,229,3,m,20,23-May-2016,Sub5_Trial229_0,0,6,6,-9.544744,True,0.68
5,229,3,m,20,23-May-2016,Sub5_Trial229_1,1,0,0,31.485721,False,0.68
5,229,3,m,20,23-May-2016,Sub5_Trial229_1,1,1,1,94.558056,False,0.68
5,229,3,m,20,23-May-2016,Sub5_Trial229_1,1,2,2,2.9162120000000016,False,0.68
5,229,3,m,20,23-May-2016,Sub5_Trial229_1,1,3,3,-11.778317000000001,False,0.68
5,229,3,m,20,23-May-2016,Sub5_Trial229_1,1,4,4,18.348596,False,0.68
5,229,3,m,20,23-May-2016,Sub5_Trial229_1,1,5,5,-45.39663300000001,False,0.68
5,229,3,m,20,23-May-2016,Sub5_Trial229_1,1,6,6,-63.436103,False,0.68
5,230,3,m,20,23-May-2016,Sub5_Trial230_0,0,0,0,127.57749000000001,True,0.607
5,230,3,m,20,23-May-2016,Sub5_Trial230_0,0,1,1,36.632887,True,0.607
5,230,3,m,20,23-May-2016,Sub5_Trial230_0,0,2,2,56.037717,True,0.607
5,230,3,m,20,23-May-2016,Sub5_Trial230_0,0,3,3,83.341753,True,0.607
5,230,3,m,20,23-May-2016,Sub5_Trial230_0,0,4,4,99.265622,True,0.607
5,230,3,m,20,23-May-2016,Sub5_Trial230_0,0,5,5,-6.885394999999999,True,0.607
5,230,3,m,20,23-May-2016,Sub5_Trial230_0,0,6,6,116.889085,True,0.607
5,230,3,m,20,23-May-2016,Sub5_Trial230_1,1,0,0,93.381219,False,0.607
5,230,3,m,20,23-May-2016,Sub5_Trial230_1,1,1,1,-38.859104,False,0.607
5,230,3,m,20,23-May-2016,Sub5_Trial230_1,1,2,2,53.725838,False,0.607
5,230,3,m,20,23-May-2016,Sub5_Trial230_1,1,3,3,-18.987453000000002,False,0.607
5,230,3,m,20,23-May-2016,Sub5_Trial230_1,1,4,4,52.903653,False,0.607
5,230,3,m,20,23-May-2016,Sub5_Trial230_1,1,5,5,-141.839892,False,0.607
5,230,3,m,20,23-May-2016,Sub5_Trial230_1,1,6,6,85.016013,False,0.607
5,231,3,m,20,23-May-2016,Sub5_Trial231_0,0,0,0,-133.092743,False,1.059
5,231,3,m,20,23-May-2016,Sub5_Trial231_0,0,1,1,116.744071,False,1.059
5,231,3,m,20,23-May-2016,Sub5_Trial231_0,0,2,2,-104.727493,False,1.059
5,231,3,m,20,23-May-2016,Sub5_Trial231_0,0,3,3,60.579567,False,1.059
5,231,3,m,20,23-May-2016,Sub5_Trial231_0,0,4,4,-95.05968,False,1.059
5,231,3,m,20,23-May-2016,Sub5_Trial231_0,0,5,5,-26.127072999999996,False,1.059
5,231,3,m,20,23-May-2016,Sub5_Trial231_0,0,6,6,-42.602476,False,1.059
5,231,3,m,20,23-May-2016,Sub5_Trial231_1,1,0,0,-20.981642,True,1.059
5,231,3,m,20,23-May-2016,Sub5_Trial231_1,1,1,1,-63.037437,True,1.059
5,231,3,m,20,23-May-2016,Sub5_Trial231_1,1,2,2,-4.601251000000001,True,1.059
5,231,3,m,20,23-May-2016,Sub5_Trial231_1,1,3,3,-44.035782,True,1.059
5,231,3,m,20,23-May-2016,Sub5_Trial231_1,1,4,4,-37.905175,True,1.059
5,231,3,m,20,23-May-2016,Sub5_Trial231_1,1,5,5,-68.161659,True,1.059
5,231,3,m,20,23-May-2016,Sub5_Trial231_1,1,6,6,-1.974070000000001,True,1.059
5,232,3,m,20,23-May-2016,Sub5_Trial232_0,0,0,0,128.944957,False,0.649
5,232,3,m,20,23-May-2016,Sub5_Trial232_0,0,1,1,80.810296,False,0.649
5,232,3,m,20,23-May-2016,Sub5_Trial232_0,0,2,2,-56.786532,False,0.649
5,232,3,m,20,23-May-2016,Sub5_Trial232_0,0,3,3,-32.944691,False,0.649
5,232,3,m,20,23-May-2016,Sub5_Trial232_0,0,4,4,43.161718,False,0.649
5,232,3,m,20,23-May-2016,Sub5_Trial232_0,0,5,5,-32.100094,False,0.649
5,232,3,m,20,23-May-2016,Sub5_Trial232_0,0,6,6,-127.918616,False,0.649
5,232,3,m,20,23-May-2016,Sub5_Trial232_1,1,0,0,-67.407878,True,0.649
5,232,3,m,20,23-May-2016,Sub5_Trial232_1,1,1,1,67.195693,True,0.649
5,232,3,m,20,23-May-2016,Sub5_Trial232_1,1,2,2,26.477747,True,0.649
5,232,3,m,20,23-May-2016,Sub5_Trial232_1,1,3,3,-41.890538,True,0.649
5,232,3,m,20,23-May-2016,Sub5_Trial232_1,1,4,4,13.121526,True,0.649
5,232,3,m,20,23-May-2016,Sub5_Trial232_1,1,5,5,129.625767,True,0.649
5,232,3,m,20,23-May-2016,Sub5_Trial232_1,1,6,6,36.99778,True,0.649
5,233,3,m,20,23-May-2016,Sub5_Trial233_0,0,0,0,71.865873,True,0.657
5,233,3,m,20,23-May-2016,Sub5_Trial233_0,0,1,1,-102.17071,True,0.657
5,233,3,m,20,23-May-2016,Sub5_Trial233_0,0,2,2,-48.511656,True,0.657
5,233,3,m,20,23-May-2016,Sub5_Trial233_0,0,3,3,-37.824972,True,0.657
5,233,3,m,20,23-May-2016,Sub5_Trial233_0,0,4,4,122.513599,True,0.657
5,233,3,m,20,23-May-2016,Sub5_Trial233_0,0,5,5,-64.768316,True,0.657
5,233,3,m,20,23-May-2016,Sub5_Trial233_0,0,6,6,93.480305,True,0.657
5,233,3,m,20,23-May-2016,Sub5_Trial233_1,1,0,0,-26.191553999999996,False,0.657
5,233,3,m,20,23-May-2016,Sub5_Trial233_1,1,1,1,-14.571843000000001,False,0.657
5,233,3,m,20,23-May-2016,Sub5_Trial233_1,1,2,2,55.315963,False,0.657
5,233,3,m,20,23-May-2016,Sub5_Trial233_1,1,3,3,35.649916,False,0.657
5,233,3,m,20,23-May-2016,Sub5_Trial233_1,1,4,4,53.29759,False,0.657
5,233,3,m,20,23-May-2016,Sub5_Trial233_1,1,5,5,-56.854883,False,0.657
5,233,3,m,20,23-May-2016,Sub5_Trial233_1,1,6,6,52.944075,False,0.657
5,234,3,m,20,23-May-2016,Sub5_Trial234_0,0,0,0,59.721754,True,0.605
5,234,3,m,20,23-May-2016,Sub5_Trial234_0,0,1,1,-10.895129,True,0.605
5,234,3,m,20,23-May-2016,Sub5_Trial234_0,0,2,2,10.713412,True,0.605
5,234,3,m,20,23-May-2016,Sub5_Trial234_0,0,3,3,123.665237,True,0.605
5,234,3,m,20,23-May-2016,Sub5_Trial234_0,0,4,4,90.346371,True,0.605
5,234,3,m,20,23-May-2016,Sub5_Trial234_0,0,5,5,112.892227,True,0.605
5,234,3,m,20,23-May-2016,Sub5_Trial234_0,0,6,6,-44.53249099999999,True,0.605
5,234,3,m,20,23-May-2016,Sub5_Trial234_1,1,0,0,-58.941746,False,0.605
5,234,3,m,20,23-May-2016,Sub5_Trial234_1,1,1,1,2.0937899999999985,False,0.605
5,234,3,m,20,23-May-2016,Sub5_Trial234_1,1,2,2,2.267951,False,0.605
5,234,3,m,20,23-May-2016,Sub5_Trial234_1,1,3,3,21.428334,False,0.605
5,234,3,m,20,23-May-2016,Sub5_Trial234_1,1,4,4,-53.943451,False,0.605
5,234,3,m,20,23-May-2016,Sub5_Trial234_1,1,5,5,-63.938806,False,0.605
5,234,3,m,20,23-May-2016,Sub5_Trial234_1,1,6,6,73.056215,False,0.605
5,235,3,m,20,23-May-2016,Sub5_Trial235_0,0,0,0,41.655617,False,0.676
5,235,3,m,20,23-May-2016,Sub5_Trial235_0,0,1,1,-125.742763,False,0.676
5,235,3,m,20,23-May-2016,Sub5_Trial235_0,0,2,2,-22.059307000000004,False,0.676
5,235,3,m,20,23-May-2016,Sub5_Trial235_0,0,3,3,24.590022,False,0.676
5,235,3,m,20,23-May-2016,Sub5_Trial235_0,0,4,4,15.087903,False,0.676
5,235,3,m,20,23-May-2016,Sub5_Trial235_0,0,5,5,53.379687,False,0.676
5,235,3,m,20,23-May-2016,Sub5_Trial235_0,0,6,6,57.790468,False,0.676
5,235,3,m,20,23-May-2016,Sub5_Trial235_1,1,0,0,-17.809436,True,0.676
5,235,3,m,20,23-May-2016,Sub5_Trial235_1,1,1,1,52.211723000000006,True,0.676
5,235,3,m,20,23-May-2016,Sub5_Trial235_1,1,2,2,-57.245001,True,0.676
5,235,3,m,20,23-May-2016,Sub5_Trial235_1,1,3,3,112.01649800000001,True,0.676
5,235,3,m,20,23-May-2016,Sub5_Trial235_1,1,4,4,-24.08966,True,0.676
5,235,3,m,20,23-May-2016,Sub5_Trial235_1,1,5,5,97.561132,True,0.676
5,235,3,m,20,23-May-2016,Sub5_Trial235_1,1,6,6,-119.809091,True,0.676
5,236,3,m,20,23-May-2016,Sub5_Trial236_0,0,0,0,67.23338,True,1.738
5,236,3,m,20,23-May-2016,Sub5_Trial236_0,0,1,1,-53.574074,True,1.738
5,236,3,m,20,23-May-2016,Sub5_Trial236_0,0,2,2,9.803753,True,1.738
5,236,3,m,20,23-May-2016,Sub5_Trial236_0,0,3,3,19.664552,True,1.738
5,236,3,m,20,23-May-2016,Sub5_Trial236_0,0,4,4,-21.663086,True,1.738
5,236,3,m,20,23-May-2016,Sub5_Trial236_0,0,5,5,-38.118593,True,1.738
5,236,3,m,20,23-May-2016,Sub5_Trial236_0,0,6,6,-70.799074,True,1.738
5,236,3,m,20,23-May-2016,Sub5_Trial236_1,1,0,0,4.247499999999999,False,1.738
5,236,3,m,20,23-May-2016,Sub5_Trial236_1,1,1,1,-34.165446,False,1.738
5,236,3,m,20,23-May-2016,Sub5_Trial236_1,1,2,2,-22.508925000000005,False,1.738
5,236,3,m,20,23-May-2016,Sub5_Trial236_1,1,3,3,28.431342,False,1.738
5,236,3,m,20,23-May-2016,Sub5_Trial236_1,1,4,4,66.439991,False,1.738
5,236,3,m,20,23-May-2016,Sub5_Trial236_1,1,5,5,-24.157241999999997,False,1.738
5,236,3,m,20,23-May-2016,Sub5_Trial236_1,1,6,6,7.558942999999999,False,1.738
5,237,3,m,20,23-May-2016,Sub5_Trial237_0,0,0,0,-124.761329,False,0.827
5,237,3,m,20,23-May-2016,Sub5_Trial237_0,0,1,1,47.702798,False,0.827
5,237,3,m,20,23-May-2016,Sub5_Trial237_0,0,2,2,-100.999973,False,0.827
5,237,3,m,20,23-May-2016,Sub5_Trial237_0,0,3,3,42.363071,False,0.827
5,237,3,m,20,23-May-2016,Sub5_Trial237_0,0,4,4,-50.718457,False,0.827
5,237,3,m,20,23-May-2016,Sub5_Trial237_0,0,5,5,-2.7911099999999998,False,0.827
5,237,3,m,20,23-May-2016,Sub5_Trial237_0,0,6,6,-7.548497000000001,False,0.827
5,237,3,m,20,23-May-2016,Sub5_Trial237_1,1,0,0,33.729916,True,0.827
5,237,3,m,20,23-May-2016,Sub5_Trial237_1,1,1,1,4.095504,True,0.827
5,237,3,m,20,23-May-2016,Sub5_Trial237_1,1,2,2,88.007715,True,0.827
5,237,3,m,20,23-May-2016,Sub5_Trial237_1,1,3,3,-85.777727,True,0.827
5,237,3,m,20,23-May-2016,Sub5_Trial237_1,1,4,4,5.869021,True,0.827
5,237,3,m,20,23-May-2016,Sub5_Trial237_1,1,5,5,7.632272,True,0.827
5,237,3,m,20,23-May-2016,Sub5_Trial237_1,1,6,6,10.480158,True,0.827
5,238,3,m,20,23-May-2016,Sub5_Trial238_0,0,0,0,-65.331454,False,1.013
5,238,3,m,20,23-May-2016,Sub5_Trial238_0,0,1,1,-47.681048000000004,False,1.013
5,238,3,m,20,23-May-2016,Sub5_Trial238_0,0,2,2,-11.535602,False,1.013
5,238,3,m,20,23-May-2016,Sub5_Trial238_0,0,3,3,-0.29674500000000137,False,1.013
5,238,3,m,20,23-May-2016,Sub5_Trial238_0,0,4,4,54.190542,False,1.013
5,238,3,m,20,23-May-2016,Sub5_Trial238_0,0,5,5,42.986359,False,1.013
5,238,3,m,20,23-May-2016,Sub5_Trial238_0,0,6,6,96.031347,False,1.013
5,238,3,m,20,23-May-2016,Sub5_Trial238_1,1,0,0,9.221657,True,1.013
5,238,3,m,20,23-May-2016,Sub5_Trial238_1,1,1,1,23.091415999999995,True,1.013
5,238,3,m,20,23-May-2016,Sub5_Trial238_1,1,2,2,-2.663366,True,1.013
5,238,3,m,20,23-May-2016,Sub5_Trial238_1,1,3,3,-30.452405,True,1.013
5,238,3,m,20,23-May-2016,Sub5_Trial238_1,1,4,4,-77.789334,True,1.013
5,238,3,m,20,23-May-2016,Sub5_Trial238_1,1,5,5,27.324253999999996,True,1.013
5,238,3,m,20,23-May-2016,Sub5_Trial238_1,1,6,6,16.403431999999995,True,1.013
5,239,3,m,20,23-May-2016,Sub5_Trial239_0,0,0,0,-48.38702599999999,False,0.586
5,239,3,m,20,23-May-2016,Sub5_Trial239_0,0,1,1,-30.258448,False,0.586
5,239,3,m,20,23-May-2016,Sub5_Trial239_0,0,2,2,-30.619031,False,0.586
5,239,3,m,20,23-May-2016,Sub5_Trial239_0,0,3,3,41.006767,False,0.586
5,239,3,m,20,23-May-2016,Sub5_Trial239_0,0,4,4,-6.756996000000001,False,0.586
5,239,3,m,20,23-May-2016,Sub5_Trial239_0,0,5,5,-64.960204,False,0.586
5,239,3,m,20,23-May-2016,Sub5_Trial239_0,0,6,6,-71.356316,False,0.586
5,239,3,m,20,23-May-2016,Sub5_Trial239_1,1,0,0,11.641852999999998,True,0.586
5,239,3,m,20,23-May-2016,Sub5_Trial239_1,1,1,1,-66.236608,True,0.586
5,239,3,m,20,23-May-2016,Sub5_Trial239_1,1,2,2,-58.161771,True,0.586
5,239,3,m,20,23-May-2016,Sub5_Trial239_1,1,3,3,-44.172999,True,0.586
5,239,3,m,20,23-May-2016,Sub5_Trial239_1,1,4,4,-67.980192,True,0.586
5,239,3,m,20,23-May-2016,Sub5_Trial239_1,1,5,5,2.610444000000001,True,0.586
5,239,3,m,20,23-May-2016,Sub5_Trial239_1,1,6,6,75.061491,True,0.586
5,240,3,m,20,23-May-2016,Sub5_Trial240_0,0,0,0,-89.122993,True,1.806
5,240,3,m,20,23-May-2016,Sub5_Trial240_0,0,1,1,-48.938174000000004,True,1.806
5,240,3,m,20,23-May-2016,Sub5_Trial240_0,0,2,2,90.94421,True,1.806
5,240,3,m,20,23-May-2016,Sub5_Trial240_0,0,3,3,-14.387163000000001,True,1.806
5,240,3,m,20,23-May-2016,Sub5_Trial240_0,0,4,4,-83.23029,True,1.806
5,240,3,m,20,23-May-2016,Sub5_Trial240_0,0,5,5,61.73746,True,1.806
5,240,3,m,20,23-May-2016,Sub5_Trial240_0,0,6,6,-5.983673,True,1.806
5,240,3,m,20,23-May-2016,Sub5_Trial240_1,1,0,0,46.89869999999999,False,1.806
5,240,3,m,20,23-May-2016,Sub5_Trial240_1,1,1,1,-34.572967,False,1.806
5,240,3,m,20,23-May-2016,Sub5_Trial240_1,1,2,2,80.842968,False,1.806
5,240,3,m,20,23-May-2016,Sub5_Trial240_1,1,3,3,-26.560834,False,1.806
5,240,3,m,20,23-May-2016,Sub5_Trial240_1,1,4,4,47.46319199999999,False,1.806
5,240,3,m,20,23-May-2016,Sub5_Trial240_1,1,5,5,-29.003942,False,1.806
5,240,3,m,20,23-May-2016,Sub5_Trial240_1,1,6,6,-46.505807,False,1.806
5,241,3,m,20,23-May-2016,Sub5_Trial241_0,0,0,0,-24.511312000000004,False,1.705
5,241,3,m,20,23-May-2016,Sub5_Trial241_0,0,1,1,39.04527,False,1.705
5,241,3,m,20,23-May-2016,Sub5_Trial241_0,0,2,2,26.143543,False,1.705
5,241,3,m,20,23-May-2016,Sub5_Trial241_0,0,3,3,71.676073,False,1.705
5,241,3,m,20,23-May-2016,Sub5_Trial241_0,0,4,4,-39.105507,False,1.705
5,241,3,m,20,23-May-2016,Sub5_Trial241_0,0,5,5,-63.468153,False,1.705
5,241,3,m,20,23-May-2016,Sub5_Trial241_0,0,6,6,-50.911839,False,1.705
5,241,3,m,20,23-May-2016,Sub5_Trial241_1,1,0,0,7.480315000000001,True,1.705
5,241,3,m,20,23-May-2016,Sub5_Trial241_1,1,1,1,34.441864,True,1.705
5,241,3,m,20,23-May-2016,Sub5_Trial241_1,1,2,2,-23.497426,True,1.705
5,241,3,m,20,23-May-2016,Sub5_Trial241_1,1,3,3,-119.321019,True,1.705
5,241,3,m,20,23-May-2016,Sub5_Trial241_1,1,4,4,-44.022991,True,1.705
5,241,3,m,20,23-May-2016,Sub5_Trial241_1,1,5,5,-59.213255,True,1.705
5,241,3,m,20,23-May-2016,Sub5_Trial241_1,1,6,6,9.109071,True,1.705
5,242,3,m,20,23-May-2016,Sub5_Trial242_0,0,0,0,35.41386,False,0.906
5,242,3,m,20,23-May-2016,Sub5_Trial242_0,0,1,1,-104.813989,False,0.906
5,242,3,m,20,23-May-2016,Sub5_Trial242_0,0,2,2,-72.278931,False,0.906
5,242,3,m,20,23-May-2016,Sub5_Trial242_0,0,3,3,32.184556,False,0.906
5,242,3,m,20,23-May-2016,Sub5_Trial242_0,0,4,4,-44.51726,False,0.906
5,242,3,m,20,23-May-2016,Sub5_Trial242_0,0,5,5,26.720614999999995,False,0.906
5,242,3,m,20,23-May-2016,Sub5_Trial242_0,0,6,6,-16.130566,False,0.906
5,242,3,m,20,23-May-2016,Sub5_Trial242_1,1,0,0,28.576334,True,0.906
5,242,3,m,20,23-May-2016,Sub5_Trial242_1,1,1,1,-12.398374000000004,True,0.906
5,242,3,m,20,23-May-2016,Sub5_Trial242_1,1,2,2,-65.490669,True,0.906
5,242,3,m,20,23-May-2016,Sub5_Trial242_1,1,3,3,15.812662,True,0.906
5,242,3,m,20,23-May-2016,Sub5_Trial242_1,1,4,4,-19.432821000000004,True,0.906
5,242,3,m,20,23-May-2016,Sub5_Trial242_1,1,5,5,71.679235,True,0.906
5,242,3,m,20,23-May-2016,Sub5_Trial242_1,1,6,6,-102.333796,True,0.906
5,243,3,m,20,23-May-2016,Sub5_Trial243_0,0,0,0,104.941816,True,3.233
5,243,3,m,20,23-May-2016,Sub5_Trial243_0,0,1,1,22.854073,True,3.233
5,243,3,m,20,23-May-2016,Sub5_Trial243_0,0,2,2,-38.730635,True,3.233
5,243,3,m,20,23-May-2016,Sub5_Trial243_0,0,3,3,-39.369419,True,3.233
5,243,3,m,20,23-May-2016,Sub5_Trial243_0,0,4,4,-50.618506,True,3.233
5,243,3,m,20,23-May-2016,Sub5_Trial243_0,0,5,5,40.329171,True,3.233
5,243,3,m,20,23-May-2016,Sub5_Trial243_0,0,6,6,-62.591144,True,3.233
5,243,3,m,20,23-May-2016,Sub5_Trial243_1,1,0,0,65.807468,False,3.233
5,243,3,m,20,23-May-2016,Sub5_Trial243_1,1,1,1,-66.482851,False,3.233
5,243,3,m,20,23-May-2016,Sub5_Trial243_1,1,2,2,-61.58592999999999,False,3.233
5,243,3,m,20,23-May-2016,Sub5_Trial243_1,1,3,3,-17.909307999999996,False,3.233
5,243,3,m,20,23-May-2016,Sub5_Trial243_1,1,4,4,-62.109365999999994,False,3.233
5,243,3,m,20,23-May-2016,Sub5_Trial243_1,1,5,5,-51.684461,False,3.233
5,243,3,m,20,23-May-2016,Sub5_Trial243_1,1,6,6,-40.721447,False,3.233
5,244,3,m,20,23-May-2016,Sub5_Trial244_0,0,0,0,80.069807,True,6.263
5,244,3,m,20,23-May-2016,Sub5_Trial244_0,0,1,1,-54.686487,True,6.263
5,244,3,m,20,23-May-2016,Sub5_Trial244_0,0,2,2,-70.185263,True,6.263
5,244,3,m,20,23-May-2016,Sub5_Trial244_0,0,3,3,-70.99907,True,6.263
5,244,3,m,20,23-May-2016,Sub5_Trial244_0,0,4,4,-122.740895,True,6.263
5,244,3,m,20,23-May-2016,Sub5_Trial244_0,0,5,5,85.131308,True,6.263
5,244,3,m,20,23-May-2016,Sub5_Trial244_0,0,6,6,-111.408166,True,6.263
5,244,3,m,20,23-May-2016,Sub5_Trial244_1,1,0,0,30.775215,False,6.263
5,244,3,m,20,23-May-2016,Sub5_Trial244_1,1,1,1,-62.132360000000006,False,6.263
5,244,3,m,20,23-May-2016,Sub5_Trial244_1,1,2,2,134.744416,False,6.263
5,244,3,m,20,23-May-2016,Sub5_Trial244_1,1,3,3,-43.565498,False,6.263
5,244,3,m,20,23-May-2016,Sub5_Trial244_1,1,4,4,-65.696423,False,6.263
5,244,3,m,20,23-May-2016,Sub5_Trial244_1,1,5,5,17.558842,False,6.263
5,244,3,m,20,23-May-2016,Sub5_Trial244_1,1,6,6,-73.689525,False,6.263
5,245,3,m,20,23-May-2016,Sub5_Trial245_0,0,0,0,-10.192594,False,0.568
5,245,3,m,20,23-May-2016,Sub5_Trial245_0,0,1,1,11.692061000000002,False,0.568
5,245,3,m,20,23-May-2016,Sub5_Trial245_0,0,2,2,-40.055501,False,0.568
5,245,3,m,20,23-May-2016,Sub5_Trial245_0,0,3,3,8.697865,False,0.568
5,245,3,m,20,23-May-2016,Sub5_Trial245_0,0,4,4,-92.227748,False,0.568
5,245,3,m,20,23-May-2016,Sub5_Trial245_0,0,5,5,-8.361107,False,0.568
5,245,3,m,20,23-May-2016,Sub5_Trial245_0,0,6,6,-9.525166,False,0.568
5,245,3,m,20,23-May-2016,Sub5_Trial245_1,1,0,0,-50.997089,True,0.568
5,245,3,m,20,23-May-2016,Sub5_Trial245_1,1,1,1,19.82748,True,0.568
5,245,3,m,20,23-May-2016,Sub5_Trial245_1,1,2,2,31.968777,True,0.568
5,245,3,m,20,23-May-2016,Sub5_Trial245_1,1,3,3,-9.951331,True,0.568
5,245,3,m,20,23-May-2016,Sub5_Trial245_1,1,4,4,89.843646,True,0.568
5,245,3,m,20,23-May-2016,Sub5_Trial245_1,1,5,5,62.330709,True,0.568
5,245,3,m,20,23-May-2016,Sub5_Trial245_1,1,6,6,-28.136018,True,0.568
5,246,3,m,20,23-May-2016,Sub5_Trial246_0,0,0,0,69.956069,True,2.054
5,246,3,m,20,23-May-2016,Sub5_Trial246_0,0,1,1,28.044315999999995,True,2.054
5,246,3,m,20,23-May-2016,Sub5_Trial246_0,0,2,2,-19.365249,True,2.054
5,246,3,m,20,23-May-2016,Sub5_Trial246_0,0,3,3,1.8039410000000018,True,2.054
5,246,3,m,20,23-May-2016,Sub5_Trial246_0,0,4,4,-2.1609049999999996,True,2.054
5,246,3,m,20,23-May-2016,Sub5_Trial246_0,0,5,5,-2.881412000000001,True,2.054
5,246,3,m,20,23-May-2016,Sub5_Trial246_0,0,6,6,-117.927021,True,2.054
5,246,3,m,20,23-May-2016,Sub5_Trial246_1,1,0,0,-58.341054,False,2.054
5,246,3,m,20,23-May-2016,Sub5_Trial246_1,1,1,1,-58.262730000000005,False,2.054
5,246,3,m,20,23-May-2016,Sub5_Trial246_1,1,2,2,2.211614000000001,False,2.054
5,246,3,m,20,23-May-2016,Sub5_Trial246_1,1,3,3,45.015449,False,2.054
5,246,3,m,20,23-May-2016,Sub5_Trial246_1,1,4,4,-10.980207,False,2.054
5,246,3,m,20,23-May-2016,Sub5_Trial246_1,1,5,5,59.423375,False,2.054
5,246,3,m,20,23-May-2016,Sub5_Trial246_1,1,6,6,-72.415329,False,2.054
5,247,3,m,20,23-May-2016,Sub5_Trial247_0,0,0,0,52.613038,True,1.183
5,247,3,m,20,23-May-2016,Sub5_Trial247_0,0,1,1,-110.371743,True,1.183
5,247,3,m,20,23-May-2016,Sub5_Trial247_0,0,2,2,62.63947,True,1.183
5,247,3,m,20,23-May-2016,Sub5_Trial247_0,0,3,3,-128.512874,True,1.183
5,247,3,m,20,23-May-2016,Sub5_Trial247_0,0,4,4,83.694249,True,1.183
5,247,3,m,20,23-May-2016,Sub5_Trial247_0,0,5,5,-0.1053469999999983,True,1.183
5,247,3,m,20,23-May-2016,Sub5_Trial247_0,0,6,6,-8.022821,True,1.183
5,247,3,m,20,23-May-2016,Sub5_Trial247_1,1,0,0,-17.552928,False,1.183
5,247,3,m,20,23-May-2016,Sub5_Trial247_1,1,1,1,-28.312413,False,1.183
5,247,3,m,20,23-May-2016,Sub5_Trial247_1,1,2,2,-44.72760600000001,False,1.183
5,247,3,m,20,23-May-2016,Sub5_Trial247_1,1,3,3,130.257422,False,1.183
5,247,3,m,20,23-May-2016,Sub5_Trial247_1,1,4,4,124.390484,False,1.183
5,247,3,m,20,23-May-2016,Sub5_Trial247_1,1,5,5,10.501104,False,1.183
5,247,3,m,20,23-May-2016,Sub5_Trial247_1,1,6,6,-22.9165,False,1.183
5,248,3,m,20,23-May-2016,Sub5_Trial248_0,0,0,0,-38.83981,True,0.891
5,248,3,m,20,23-May-2016,Sub5_Trial248_0,0,1,1,41.734041,True,0.891
5,248,3,m,20,23-May-2016,Sub5_Trial248_0,0,2,2,-40.729348,True,0.891
5,248,3,m,20,23-May-2016,Sub5_Trial248_0,0,3,3,-61.843718,True,0.891
5,248,3,m,20,23-May-2016,Sub5_Trial248_0,0,4,4,-39.159961,True,0.891
5,248,3,m,20,23-May-2016,Sub5_Trial248_0,0,5,5,77.359114,True,0.891
5,248,3,m,20,23-May-2016,Sub5_Trial248_0,0,6,6,-57.0418,True,0.891
5,248,3,m,20,23-May-2016,Sub5_Trial248_1,1,0,0,-35.966054,False,0.891
5,248,3,m,20,23-May-2016,Sub5_Trial248_1,1,1,1,14.312363,False,0.891
5,248,3,m,20,23-May-2016,Sub5_Trial248_1,1,2,2,72.76698,False,0.891
5,248,3,m,20,23-May-2016,Sub5_Trial248_1,1,3,3,77.512959,False,0.891
5,248,3,m,20,23-May-2016,Sub5_Trial248_1,1,4,4,-112.88777199999998,False,0.891
5,248,3,m,20,23-May-2016,Sub5_Trial248_1,1,5,5,74.271517,False,0.891
5,248,3,m,20,23-May-2016,Sub5_Trial248_1,1,6,6,75.724516,False,0.891
5,249,3,m,20,23-May-2016,Sub5_Trial249_0,0,0,0,23.859582000000003,False,1.193
5,249,3,m,20,23-May-2016,Sub5_Trial249_0,0,1,1,114.66784200000001,False,1.193
5,249,3,m,20,23-May-2016,Sub5_Trial249_0,0,2,2,-8.919178,False,1.193
5,249,3,m,20,23-May-2016,Sub5_Trial249_0,0,3,3,-7.616583,False,1.193
5,249,3,m,20,23-May-2016,Sub5_Trial249_0,0,4,4,-105.139572,False,1.193
5,249,3,m,20,23-May-2016,Sub5_Trial249_0,0,5,5,66.110504,False,1.193
5,249,3,m,20,23-May-2016,Sub5_Trial249_0,0,6,6,-1.0104460000000017,False,1.193
5,249,3,m,20,23-May-2016,Sub5_Trial249_1,1,0,0,62.242104,True,1.193
5,249,3,m,20,23-May-2016,Sub5_Trial249_1,1,1,1,109.174995,True,1.193
5,249,3,m,20,23-May-2016,Sub5_Trial249_1,1,2,2,-100.336677,True,1.193
5,249,3,m,20,23-May-2016,Sub5_Trial249_1,1,3,3,1.6235630000000008,True,1.193
5,249,3,m,20,23-May-2016,Sub5_Trial249_1,1,4,4,37.923212,True,1.193
5,249,3,m,20,23-May-2016,Sub5_Trial249_1,1,5,5,48.954445,True,1.193
5,249,3,m,20,23-May-2016,Sub5_Trial249_1,1,6,6,28.114221,True,1.193
5,250,3,m,20,23-May-2016,Sub5_Trial250_0,0,0,0,-10.819204,False,4.415
5,250,3,m,20,23-May-2016,Sub5_Trial250_0,0,1,1,-48.119448,False,4.415
5,250,3,m,20,23-May-2016,Sub5_Trial250_0,0,2,2,-15.427763,False,4.415
5,250,3,m,20,23-May-2016,Sub5_Trial250_0,0,3,3,56.215,False,4.415
5,250,3,m,20,23-May-2016,Sub5_Trial250_0,0,4,4,-36.917735,False,4.415
5,250,3,m,20,23-May-2016,Sub5_Trial250_0,0,5,5,-2.064858000000001,False,4.415
5,250,3,m,20,23-May-2016,Sub5_Trial250_0,0,6,6,77.993258,False,4.415
5,250,3,m,20,23-May-2016,Sub5_Trial250_1,1,0,0,72.623342,True,4.415
5,250,3,m,20,23-May-2016,Sub5_Trial250_1,1,1,1,51.501009,True,4.415
5,250,3,m,20,23-May-2016,Sub5_Trial250_1,1,2,2,57.34633,True,4.415
5,250,3,m,20,23-May-2016,Sub5_Trial250_1,1,3,3,-110.634468,True,4.415
5,250,3,m,20,23-May-2016,Sub5_Trial250_1,1,4,4,111.685038,True,4.415
5,250,3,m,20,23-May-2016,Sub5_Trial250_1,1,5,5,35.299333,True,4.415
5,250,3,m,20,23-May-2016,Sub5_Trial250_1,1,6,6,48.21257,True,4.415
5,251,3,m,20,23-May-2016,Sub5_Trial251_0,0,0,0,-116.91105199999998,False,1.382
5,251,3,m,20,23-May-2016,Sub5_Trial251_0,0,1,1,85.802776,False,1.382
5,251,3,m,20,23-May-2016,Sub5_Trial251_0,0,2,2,-39.965905,False,1.382
5,251,3,m,20,23-May-2016,Sub5_Trial251_0,0,3,3,-8.041018999999999,False,1.382
5,251,3,m,20,23-May-2016,Sub5_Trial251_0,0,4,4,-64.473746,False,1.382
5,251,3,m,20,23-May-2016,Sub5_Trial251_0,0,5,5,27.253892,False,1.382
5,251,3,m,20,23-May-2016,Sub5_Trial251_0,0,6,6,35.980149,False,1.382
5,251,3,m,20,23-May-2016,Sub5_Trial251_1,1,0,0,8.135856,True,1.382
5,251,3,m,20,23-May-2016,Sub5_Trial251_1,1,1,1,46.738584,True,1.382
5,251,3,m,20,23-May-2016,Sub5_Trial251_1,1,2,2,-56.481988,True,1.382
5,251,3,m,20,23-May-2016,Sub5_Trial251_1,1,3,3,-64.442167,True,1.382
5,251,3,m,20,23-May-2016,Sub5_Trial251_1,1,4,4,-49.131421,True,1.382
5,251,3,m,20,23-May-2016,Sub5_Trial251_1,1,5,5,11.893791,True,1.382
5,251,3,m,20,23-May-2016,Sub5_Trial251_1,1,6,6,-126.432888,True,1.382
5,252,3,m,20,23-May-2016,Sub5_Trial252_0,0,0,0,-1.8232870000000005,False,0.623
5,252,3,m,20,23-May-2016,Sub5_Trial252_0,0,1,1,75.20926,False,0.623
5,252,3,m,20,23-May-2016,Sub5_Trial252_0,0,2,2,-103.051407,False,0.623
5,252,3,m,20,23-May-2016,Sub5_Trial252_0,0,3,3,65.653145,False,0.623
5,252,3,m,20,23-May-2016,Sub5_Trial252_0,0,4,4,-74.425796,False,0.623
5,252,3,m,20,23-May-2016,Sub5_Trial252_0,0,5,5,-18.42301,False,0.623
5,252,3,m,20,23-May-2016,Sub5_Trial252_0,0,6,6,96.639635,False,0.623
5,252,3,m,20,23-May-2016,Sub5_Trial252_1,1,0,0,70.569557,True,0.623
5,252,3,m,20,23-May-2016,Sub5_Trial252_1,1,1,1,-147.855831,True,0.623
5,252,3,m,20,23-May-2016,Sub5_Trial252_1,1,2,2,-11.560476999999999,True,0.623
5,252,3,m,20,23-May-2016,Sub5_Trial252_1,1,3,3,-22.547145999999998,True,0.623
5,252,3,m,20,23-May-2016,Sub5_Trial252_1,1,4,4,29.706782,True,0.623
5,252,3,m,20,23-May-2016,Sub5_Trial252_1,1,5,5,140.420543,True,0.623
5,252,3,m,20,23-May-2016,Sub5_Trial252_1,1,6,6,25.383946,True,0.623
5,253,3,m,20,23-May-2016,Sub5_Trial253_0,0,0,0,-48.366,False,0.81
5,253,3,m,20,23-May-2016,Sub5_Trial253_0,0,1,1,7.942633000000001,False,0.81
5,253,3,m,20,23-May-2016,Sub5_Trial253_0,0,2,2,-63.120385,False,0.81
5,253,3,m,20,23-May-2016,Sub5_Trial253_0,0,3,3,27.242379,False,0.81
5,253,3,m,20,23-May-2016,Sub5_Trial253_0,0,4,4,5.271039,False,0.81
5,253,3,m,20,23-May-2016,Sub5_Trial253_0,0,5,5,-76.162325,False,0.81
5,253,3,m,20,23-May-2016,Sub5_Trial253_0,0,6,6,-82.639657,False,0.81
5,253,3,m,20,23-May-2016,Sub5_Trial253_1,1,0,0,-104.674948,True,0.81
5,253,3,m,20,23-May-2016,Sub5_Trial253_1,1,1,1,-99.823669,True,0.81
5,253,3,m,20,23-May-2016,Sub5_Trial253_1,1,2,2,-13.997902,True,0.81
5,253,3,m,20,23-May-2016,Sub5_Trial253_1,1,3,3,0.7856440000000013,True,0.81
5,253,3,m,20,23-May-2016,Sub5_Trial253_1,1,4,4,-103.58037,True,0.81
5,253,3,m,20,23-May-2016,Sub5_Trial253_1,1,5,5,45.18576899999999,True,0.81
5,253,3,m,20,23-May-2016,Sub5_Trial253_1,1,6,6,-34.863298,True,0.81
5,254,3,m,20,23-May-2016,Sub5_Trial254_0,0,0,0,-17.982851,True,1.308
5,254,3,m,20,23-May-2016,Sub5_Trial254_0,0,1,1,-56.363648,True,1.308
5,254,3,m,20,23-May-2016,Sub5_Trial254_0,0,2,2,-3.472117000000001,True,1.308
5,254,3,m,20,23-May-2016,Sub5_Trial254_0,0,3,3,125.65884,True,1.308
5,254,3,m,20,23-May-2016,Sub5_Trial254_0,0,4,4,-63.817746,True,1.308
5,254,3,m,20,23-May-2016,Sub5_Trial254_0,0,5,5,-59.065,True,1.308
5,254,3,m,20,23-May-2016,Sub5_Trial254_0,0,6,6,-91.477883,True,1.308
5,254,3,m,20,23-May-2016,Sub5_Trial254_1,1,0,0,-111.09203500000001,False,1.308
5,254,3,m,20,23-May-2016,Sub5_Trial254_1,1,1,1,-62.91080600000001,False,1.308
5,254,3,m,20,23-May-2016,Sub5_Trial254_1,1,2,2,111.102298,False,1.308
5,254,3,m,20,23-May-2016,Sub5_Trial254_1,1,3,3,-22.597288,False,1.308
5,254,3,m,20,23-May-2016,Sub5_Trial254_1,1,4,4,17.593655,False,1.308
5,254,3,m,20,23-May-2016,Sub5_Trial254_1,1,5,5,-20.858422000000004,False,1.308
5,254,3,m,20,23-May-2016,Sub5_Trial254_1,1,6,6,-133.807359,False,1.308
5,255,3,m,20,23-May-2016,Sub5_Trial255_0,0,0,0,43.603186,False,0.989
5,255,3,m,20,23-May-2016,Sub5_Trial255_0,0,1,1,-8.470859,False,0.989
5,255,3,m,20,23-May-2016,Sub5_Trial255_0,0,2,2,-31.458363,False,0.989
5,255,3,m,20,23-May-2016,Sub5_Trial255_0,0,3,3,28.705026000000004,False,0.989
5,255,3,m,20,23-May-2016,Sub5_Trial255_0,0,4,4,-75.107121,False,0.989
5,255,3,m,20,23-May-2016,Sub5_Trial255_0,0,5,5,-74.748892,False,0.989
5,255,3,m,20,23-May-2016,Sub5_Trial255_0,0,6,6,-121.56793,False,0.989
5,255,3,m,20,23-May-2016,Sub5_Trial255_1,1,0,0,84.268364,True,0.989
5,255,3,m,20,23-May-2016,Sub5_Trial255_1,1,1,1,98.675006,True,0.989
5,255,3,m,20,23-May-2016,Sub5_Trial255_1,1,2,2,45.483766,True,0.989
5,255,3,m,20,23-May-2016,Sub5_Trial255_1,1,3,3,36.187297,True,0.989
5,255,3,m,20,23-May-2016,Sub5_Trial255_1,1,4,4,25.472423,True,0.989
5,255,3,m,20,23-May-2016,Sub5_Trial255_1,1,5,5,-16.876503,True,0.989
5,255,3,m,20,23-May-2016,Sub5_Trial255_1,1,6,6,6.036505,True,0.989
5,256,3,m,20,23-May-2016,Sub5_Trial256_0,0,0,0,65.235823,True,1.253
5,256,3,m,20,23-May-2016,Sub5_Trial256_0,0,1,1,61.78861599999999,True,1.253
5,256,3,m,20,23-May-2016,Sub5_Trial256_0,0,2,2,-37.151445,True,1.253
5,256,3,m,20,23-May-2016,Sub5_Trial256_0,0,3,3,-7.256191000000001,True,1.253
5,256,3,m,20,23-May-2016,Sub5_Trial256_0,0,4,4,6.961480000000002,True,1.253
5,256,3,m,20,23-May-2016,Sub5_Trial256_0,0,5,5,-35.63398,True,1.253
5,256,3,m,20,23-May-2016,Sub5_Trial256_0,0,6,6,42.536023,True,1.253
5,256,3,m,20,23-May-2016,Sub5_Trial256_1,1,0,0,-144.855872,False,1.253
5,256,3,m,20,23-May-2016,Sub5_Trial256_1,1,1,1,36.403661,False,1.253
5,256,3,m,20,23-May-2016,Sub5_Trial256_1,1,2,2,96.884807,False,1.253
5,256,3,m,20,23-May-2016,Sub5_Trial256_1,1,3,3,-30.015389999999996,False,1.253
5,256,3,m,20,23-May-2016,Sub5_Trial256_1,1,4,4,-73.208447,False,1.253
5,256,3,m,20,23-May-2016,Sub5_Trial256_1,1,5,5,-42.480818,False,1.253
5,256,3,m,20,23-May-2016,Sub5_Trial256_1,1,6,6,-38.334671,False,1.253
5,257,3,m,20,23-May-2016,Sub5_Trial257_0,0,0,0,83.952061,True,0.605
5,257,3,m,20,23-May-2016,Sub5_Trial257_0,0,1,1,-63.01494,True,0.605
5,257,3,m,20,23-May-2016,Sub5_Trial257_0,0,2,2,18.458692,True,0.605
5,257,3,m,20,23-May-2016,Sub5_Trial257_0,0,3,3,-106.758171,True,0.605
5,257,3,m,20,23-May-2016,Sub5_Trial257_0,0,4,4,2.2510720000000006,True,0.605
5,257,3,m,20,23-May-2016,Sub5_Trial257_0,0,5,5,65.023531,True,0.605
5,257,3,m,20,23-May-2016,Sub5_Trial257_0,0,6,6,-72.230958,True,0.605
5,257,3,m,20,23-May-2016,Sub5_Trial257_1,1,0,0,35.521641,False,0.605
5,257,3,m,20,23-May-2016,Sub5_Trial257_1,1,1,1,22.761937,False,0.605
5,257,3,m,20,23-May-2016,Sub5_Trial257_1,1,2,2,-5.053709999999999,False,0.605
5,257,3,m,20,23-May-2016,Sub5_Trial257_1,1,3,3,0.2749610000000011,False,0.605
5,257,3,m,20,23-May-2016,Sub5_Trial257_1,1,4,4,71.9487,False,0.605
5,257,3,m,20,23-May-2016,Sub5_Trial257_1,1,5,5,-51.251677,False,0.605
5,257,3,m,20,23-May-2016,Sub5_Trial257_1,1,6,6,27.923839,False,0.605
5,258,3,m,20,23-May-2016,Sub5_Trial258_0,0,0,0,-47.471479,False,0.668
5,258,3,m,20,23-May-2016,Sub5_Trial258_0,0,1,1,-30.841591,False,0.668
5,258,3,m,20,23-May-2016,Sub5_Trial258_0,0,2,2,-50.66466,False,0.668
5,258,3,m,20,23-May-2016,Sub5_Trial258_0,0,3,3,58.555939,False,0.668
5,258,3,m,20,23-May-2016,Sub5_Trial258_0,0,4,4,-2.1186609999999995,False,0.668
5,258,3,m,20,23-May-2016,Sub5_Trial258_0,0,5,5,-30.342816999999997,False,0.668
5,258,3,m,20,23-May-2016,Sub5_Trial258_0,0,6,6,-19.366841,False,0.668
5,258,3,m,20,23-May-2016,Sub5_Trial258_1,1,0,0,0.9633660000000006,True,0.668
5,258,3,m,20,23-May-2016,Sub5_Trial258_1,1,1,1,-107.498095,True,0.668
5,258,3,m,20,23-May-2016,Sub5_Trial258_1,1,2,2,14.232346,True,0.668
5,258,3,m,20,23-May-2016,Sub5_Trial258_1,1,3,3,14.702643000000002,True,0.668
5,258,3,m,20,23-May-2016,Sub5_Trial258_1,1,4,4,3.8251479999999987,True,0.668
5,258,3,m,20,23-May-2016,Sub5_Trial258_1,1,5,5,-25.660713,True,0.668
5,258,3,m,20,23-May-2016,Sub5_Trial258_1,1,6,6,-9.014702,True,0.668
5,259,3,m,20,23-May-2016,Sub5_Trial259_0,0,0,0,-46.807567000000006,False,0.661
5,259,3,m,20,23-May-2016,Sub5_Trial259_0,0,1,1,-49.248198,False,0.661
5,259,3,m,20,23-May-2016,Sub5_Trial259_0,0,2,2,-24.895168999999996,False,0.661
5,259,3,m,20,23-May-2016,Sub5_Trial259_0,0,3,3,-18.99521,False,0.661
5,259,3,m,20,23-May-2016,Sub5_Trial259_0,0,4,4,23.280714,False,0.661
5,259,3,m,20,23-May-2016,Sub5_Trial259_0,0,5,5,-75.290374,False,0.661
5,259,3,m,20,23-May-2016,Sub5_Trial259_0,0,6,6,25.259232,False,0.661
5,259,3,m,20,23-May-2016,Sub5_Trial259_1,1,0,0,52.168713,True,0.661
5,259,3,m,20,23-May-2016,Sub5_Trial259_1,1,1,1,-15.391855,True,0.661
5,259,3,m,20,23-May-2016,Sub5_Trial259_1,1,2,2,-119.619943,True,0.661
5,259,3,m,20,23-May-2016,Sub5_Trial259_1,1,3,3,4.206975,True,0.661
5,259,3,m,20,23-May-2016,Sub5_Trial259_1,1,4,4,-54.045031,True,0.661
5,259,3,m,20,23-May-2016,Sub5_Trial259_1,1,5,5,34.923868,True,0.661
5,259,3,m,20,23-May-2016,Sub5_Trial259_1,1,6,6,-26.457534,True,0.661
5,260,3,m,20,23-May-2016,Sub5_Trial260_0,0,0,0,-51.230167,True,0.725
5,260,3,m,20,23-May-2016,Sub5_Trial260_0,0,1,1,-57.823179,True,0.725
5,260,3,m,20,23-May-2016,Sub5_Trial260_0,0,2,2,24.073412000000005,True,0.725
5,260,3,m,20,23-May-2016,Sub5_Trial260_0,0,3,3,-15.862712,True,0.725
5,260,3,m,20,23-May-2016,Sub5_Trial260_0,0,4,4,112.31077099999999,True,0.725
5,260,3,m,20,23-May-2016,Sub5_Trial260_0,0,5,5,122.681745,True,0.725
5,260,3,m,20,23-May-2016,Sub5_Trial260_0,0,6,6,-7.496665,True,0.725
5,260,3,m,20,23-May-2016,Sub5_Trial260_1,1,0,0,24.460407,False,0.725
5,260,3,m,20,23-May-2016,Sub5_Trial260_1,1,1,1,20.744669,False,0.725
5,260,3,m,20,23-May-2016,Sub5_Trial260_1,1,2,2,-51.38966500000001,False,0.725
5,260,3,m,20,23-May-2016,Sub5_Trial260_1,1,3,3,-0.7051470000000002,False,0.725
5,260,3,m,20,23-May-2016,Sub5_Trial260_1,1,4,4,33.068527,False,0.725
5,260,3,m,20,23-May-2016,Sub5_Trial260_1,1,5,5,84.650033,False,0.725
5,260,3,m,20,23-May-2016,Sub5_Trial260_1,1,6,6,4.371584,False,0.725
5,261,3,m,20,23-May-2016,Sub5_Trial261_0,0,0,0,68.914473,True,1.494
5,261,3,m,20,23-May-2016,Sub5_Trial261_0,0,1,1,44.63592700000001,True,1.494
5,261,3,m,20,23-May-2016,Sub5_Trial261_0,0,2,2,92.026518,True,1.494
5,261,3,m,20,23-May-2016,Sub5_Trial261_0,0,3,3,84.738725,True,1.494
5,261,3,m,20,23-May-2016,Sub5_Trial261_0,0,4,4,28.025884000000005,True,1.494
5,261,3,m,20,23-May-2016,Sub5_Trial261_0,0,5,5,-5.7740480000000005,True,1.494
5,261,3,m,20,23-May-2016,Sub5_Trial261_0,0,6,6,-103.387923,True,1.494
5,261,3,m,20,23-May-2016,Sub5_Trial261_1,1,0,0,34.921693,False,1.494
5,261,3,m,20,23-May-2016,Sub5_Trial261_1,1,1,1,-59.564400000000006,False,1.494
5,261,3,m,20,23-May-2016,Sub5_Trial261_1,1,2,2,96.669827,False,1.494
5,261,3,m,20,23-May-2016,Sub5_Trial261_1,1,3,3,-75.556954,False,1.494
5,261,3,m,20,23-May-2016,Sub5_Trial261_1,1,4,4,-66.75473,False,1.494
5,261,3,m,20,23-May-2016,Sub5_Trial261_1,1,5,5,-25.624976000000004,False,1.494
5,261,3,m,20,23-May-2016,Sub5_Trial261_1,1,6,6,-86.71504,False,1.494
5,262,3,m,20,23-May-2016,Sub5_Trial262_0,0,0,0,-59.047124999999994,False,1.1
5,262,3,m,20,23-May-2016,Sub5_Trial262_0,0,1,1,75.751795,False,1.1
5,262,3,m,20,23-May-2016,Sub5_Trial262_0,0,2,2,-19.749316,False,1.1
5,262,3,m,20,23-May-2016,Sub5_Trial262_0,0,3,3,-86.605781,False,1.1
5,262,3,m,20,23-May-2016,Sub5_Trial262_0,0,4,4,-92.944978,False,1.1
5,262,3,m,20,23-May-2016,Sub5_Trial262_0,0,5,5,39.793197,False,1.1
5,262,3,m,20,23-May-2016,Sub5_Trial262_0,0,6,6,-60.510469,False,1.1
5,262,3,m,20,23-May-2016,Sub5_Trial262_1,1,0,0,41.610972,True,1.1
5,262,3,m,20,23-May-2016,Sub5_Trial262_1,1,1,1,-21.164643,True,1.1
5,262,3,m,20,23-May-2016,Sub5_Trial262_1,1,2,2,0.7488400000000013,True,1.1
5,262,3,m,20,23-May-2016,Sub5_Trial262_1,1,3,3,65.806694,True,1.1
5,262,3,m,20,23-May-2016,Sub5_Trial262_1,1,4,4,48.28165200000001,True,1.1
5,262,3,m,20,23-May-2016,Sub5_Trial262_1,1,5,5,36.922683,True,1.1
5,262,3,m,20,23-May-2016,Sub5_Trial262_1,1,6,6,124.66600299999999,True,1.1
5,263,3,m,20,23-May-2016,Sub5_Trial263_0,0,0,0,-79.972134,False,0.749
5,263,3,m,20,23-May-2016,Sub5_Trial263_0,0,1,1,-5.625672999999999,False,0.749
5,263,3,m,20,23-May-2016,Sub5_Trial263_0,0,2,2,-18.549836,False,0.749
5,263,3,m,20,23-May-2016,Sub5_Trial263_0,0,3,3,62.383824,False,0.749
5,263,3,m,20,23-May-2016,Sub5_Trial263_0,0,4,4,-58.74201099999999,False,0.749
5,263,3,m,20,23-May-2016,Sub5_Trial263_0,0,5,5,-75.612252,False,0.749
5,263,3,m,20,23-May-2016,Sub5_Trial263_0,0,6,6,41.495964,False,0.749
5,263,3,m,20,23-May-2016,Sub5_Trial263_1,1,0,0,-139.816699,True,0.749
5,263,3,m,20,23-May-2016,Sub5_Trial263_1,1,1,1,120.74588299999999,True,0.749
5,263,3,m,20,23-May-2016,Sub5_Trial263_1,1,2,2,16.798507999999998,True,0.749
5,263,3,m,20,23-May-2016,Sub5_Trial263_1,1,3,3,-43.355013,True,0.749
5,263,3,m,20,23-May-2016,Sub5_Trial263_1,1,4,4,53.62838099999999,True,0.749
5,263,3,m,20,23-May-2016,Sub5_Trial263_1,1,5,5,85.278887,True,0.749
5,263,3,m,20,23-May-2016,Sub5_Trial263_1,1,6,6,5.883141000000002,True,0.749
5,264,3,m,20,23-May-2016,Sub5_Trial264_0,0,0,0,68.446774,False,1.183
5,264,3,m,20,23-May-2016,Sub5_Trial264_0,0,1,1,-59.838493,False,1.183
5,264,3,m,20,23-May-2016,Sub5_Trial264_0,0,2,2,115.341416,False,1.183
5,264,3,m,20,23-May-2016,Sub5_Trial264_0,0,3,3,11.567344,False,1.183
5,264,3,m,20,23-May-2016,Sub5_Trial264_0,0,4,4,-56.797290000000004,False,1.183
5,264,3,m,20,23-May-2016,Sub5_Trial264_0,0,5,5,40.269058,False,1.183
5,264,3,m,20,23-May-2016,Sub5_Trial264_0,0,6,6,-42.64491,False,1.183
5,264,3,m,20,23-May-2016,Sub5_Trial264_1,1,0,0,-97.417955,True,1.183
5,264,3,m,20,23-May-2016,Sub5_Trial264_1,1,1,1,-42.60322,True,1.183
5,264,3,m,20,23-May-2016,Sub5_Trial264_1,1,2,2,-24.1165,True,1.183
5,264,3,m,20,23-May-2016,Sub5_Trial264_1,1,3,3,32.69379,True,1.183
5,264,3,m,20,23-May-2016,Sub5_Trial264_1,1,4,4,-137.978937,True,1.183
5,264,3,m,20,23-May-2016,Sub5_Trial264_1,1,5,5,77.084061,True,1.183
5,264,3,m,20,23-May-2016,Sub5_Trial264_1,1,6,6,8.218550999999998,True,1.183
5,265,3,m,20,23-May-2016,Sub5_Trial265_0,0,0,0,107.668408,True,1.226
5,265,3,m,20,23-May-2016,Sub5_Trial265_0,0,1,1,-150.639191,True,1.226
5,265,3,m,20,23-May-2016,Sub5_Trial265_0,0,2,2,63.643472,True,1.226
5,265,3,m,20,23-May-2016,Sub5_Trial265_0,0,3,3,-71.648748,True,1.226
5,265,3,m,20,23-May-2016,Sub5_Trial265_0,0,4,4,-103.768524,True,1.226
5,265,3,m,20,23-May-2016,Sub5_Trial265_0,0,5,5,33.330915,True,1.226
5,265,3,m,20,23-May-2016,Sub5_Trial265_0,0,6,6,-56.307345,True,1.226
5,265,3,m,20,23-May-2016,Sub5_Trial265_1,1,0,0,4.232416000000001,False,1.226
5,265,3,m,20,23-May-2016,Sub5_Trial265_1,1,1,1,-36.790426,False,1.226
5,265,3,m,20,23-May-2016,Sub5_Trial265_1,1,2,2,0.929475,False,1.226
5,265,3,m,20,23-May-2016,Sub5_Trial265_1,1,3,3,-1.2687820000000016,False,1.226
5,265,3,m,20,23-May-2016,Sub5_Trial265_1,1,4,4,43.448737,False,1.226
5,265,3,m,20,23-May-2016,Sub5_Trial265_1,1,5,5,-85.080778,False,1.226
5,265,3,m,20,23-May-2016,Sub5_Trial265_1,1,6,6,56.463345000000004,False,1.226
5,266,3,m,20,23-May-2016,Sub5_Trial266_0,0,0,0,67.095151,True,1.807
5,266,3,m,20,23-May-2016,Sub5_Trial266_0,0,1,1,41.298275,True,1.807
5,266,3,m,20,23-May-2016,Sub5_Trial266_0,0,2,2,107.276145,True,1.807
5,266,3,m,20,23-May-2016,Sub5_Trial266_0,0,3,3,74.876698,True,1.807
5,266,3,m,20,23-May-2016,Sub5_Trial266_0,0,4,4,-16.986507,True,1.807
5,266,3,m,20,23-May-2016,Sub5_Trial266_0,0,5,5,-144.009898,True,1.807
5,266,3,m,20,23-May-2016,Sub5_Trial266_0,0,6,6,39.75105,True,1.807
5,266,3,m,20,23-May-2016,Sub5_Trial266_1,1,0,0,-77.381348,False,1.807
5,266,3,m,20,23-May-2016,Sub5_Trial266_1,1,1,1,10.577746,False,1.807
5,266,3,m,20,23-May-2016,Sub5_Trial266_1,1,2,2,-43.446252,False,1.807
5,266,3,m,20,23-May-2016,Sub5_Trial266_1,1,3,3,39.528625,False,1.807
5,266,3,m,20,23-May-2016,Sub5_Trial266_1,1,4,4,-17.56687,False,1.807
5,266,3,m,20,23-May-2016,Sub5_Trial266_1,1,5,5,-55.82698500000001,False,1.807
5,266,3,m,20,23-May-2016,Sub5_Trial266_1,1,6,6,52.140074,False,1.807
5,267,3,m,20,23-May-2016,Sub5_Trial267_0,0,0,0,126.394337,True,1.3
5,267,3,m,20,23-May-2016,Sub5_Trial267_0,0,1,1,33.501121,True,1.3
5,267,3,m,20,23-May-2016,Sub5_Trial267_0,0,2,2,-87.963173,True,1.3
5,267,3,m,20,23-May-2016,Sub5_Trial267_0,0,3,3,21.904539,True,1.3
5,267,3,m,20,23-May-2016,Sub5_Trial267_0,0,4,4,44.693313,True,1.3
5,267,3,m,20,23-May-2016,Sub5_Trial267_0,0,5,5,-3.5530539999999995,True,1.3
5,267,3,m,20,23-May-2016,Sub5_Trial267_0,0,6,6,-142.607071,True,1.3
5,267,3,m,20,23-May-2016,Sub5_Trial267_1,1,0,0,-32.970592,False,1.3
5,267,3,m,20,23-May-2016,Sub5_Trial267_1,1,1,1,36.776747,False,1.3
5,267,3,m,20,23-May-2016,Sub5_Trial267_1,1,2,2,13.400019999999998,False,1.3
5,267,3,m,20,23-May-2016,Sub5_Trial267_1,1,3,3,123.17840999999999,False,1.3
5,267,3,m,20,23-May-2016,Sub5_Trial267_1,1,4,4,41.666152,False,1.3
5,267,3,m,20,23-May-2016,Sub5_Trial267_1,1,5,5,-76.729704,False,1.3
5,267,3,m,20,23-May-2016,Sub5_Trial267_1,1,6,6,-10.974715,False,1.3
5,268,3,m,20,23-May-2016,Sub5_Trial268_0,0,0,0,40.663897,False,0.803
5,268,3,m,20,23-May-2016,Sub5_Trial268_0,0,1,1,100.555633,False,0.803
5,268,3,m,20,23-May-2016,Sub5_Trial268_0,0,2,2,108.271082,False,0.803
5,268,3,m,20,23-May-2016,Sub5_Trial268_0,0,3,3,-0.48261099999999857,False,0.803
5,268,3,m,20,23-May-2016,Sub5_Trial268_0,0,4,4,16.350451,False,0.803
5,268,3,m,20,23-May-2016,Sub5_Trial268_0,0,5,5,-73.802572,False,0.803
5,268,3,m,20,23-May-2016,Sub5_Trial268_0,0,6,6,-101.08272,False,0.803
5,268,3,m,20,23-May-2016,Sub5_Trial268_1,1,0,0,-45.74736300000001,True,0.803
5,268,3,m,20,23-May-2016,Sub5_Trial268_1,1,1,1,-27.667158,True,0.803
5,268,3,m,20,23-May-2016,Sub5_Trial268_1,1,2,2,-62.33774600000001,True,0.803
5,268,3,m,20,23-May-2016,Sub5_Trial268_1,1,3,3,-74.932569,True,0.803
5,268,3,m,20,23-May-2016,Sub5_Trial268_1,1,4,4,-2.1966019999999986,True,0.803
5,268,3,m,20,23-May-2016,Sub5_Trial268_1,1,5,5,128.945065,True,0.803
5,268,3,m,20,23-May-2016,Sub5_Trial268_1,1,6,6,98.888154,True,0.803
5,269,3,m,20,23-May-2016,Sub5_Trial269_0,0,0,0,32.810416,True,1.94
5,269,3,m,20,23-May-2016,Sub5_Trial269_0,0,1,1,-121.638021,True,1.94
5,269,3,m,20,23-May-2016,Sub5_Trial269_0,0,2,2,28.863689,True,1.94
5,269,3,m,20,23-May-2016,Sub5_Trial269_0,0,3,3,19.119557,True,1.94
5,269,3,m,20,23-May-2016,Sub5_Trial269_0,0,4,4,-68.125783,True,1.94
5,269,3,m,20,23-May-2016,Sub5_Trial269_0,0,5,5,-52.386454,True,1.94
5,269,3,m,20,23-May-2016,Sub5_Trial269_0,0,6,6,79.999065,True,1.94
5,269,3,m,20,23-May-2016,Sub5_Trial269_1,1,0,0,4.254738,False,1.94
5,269,3,m,20,23-May-2016,Sub5_Trial269_1,1,1,1,33.251319,False,1.94
5,269,3,m,20,23-May-2016,Sub5_Trial269_1,1,2,2,31.64148,False,1.94
5,269,3,m,20,23-May-2016,Sub5_Trial269_1,1,3,3,-20.858216,False,1.94
5,269,3,m,20,23-May-2016,Sub5_Trial269_1,1,4,4,-46.627978,False,1.94
5,269,3,m,20,23-May-2016,Sub5_Trial269_1,1,5,5,-81.839033,False,1.94
5,269,3,m,20,23-May-2016,Sub5_Trial269_1,1,6,6,47.260799,False,1.94
5,270,3,m,20,23-May-2016,Sub5_Trial270_0,0,0,0,31.639832,True,0.588
5,270,3,m,20,23-May-2016,Sub5_Trial270_0,0,1,1,61.615117999999995,True,0.588
5,270,3,m,20,23-May-2016,Sub5_Trial270_0,0,2,2,79.085793,True,0.588
5,270,3,m,20,23-May-2016,Sub5_Trial270_0,0,3,3,-60.064988,True,0.588
5,270,3,m,20,23-May-2016,Sub5_Trial270_0,0,4,4,103.503592,True,0.588
5,270,3,m,20,23-May-2016,Sub5_Trial270_0,0,5,5,58.475448,True,0.588
5,270,3,m,20,23-May-2016,Sub5_Trial270_0,0,6,6,103.178593,True,0.588
5,270,3,m,20,23-May-2016,Sub5_Trial270_1,1,0,0,90.612789,False,0.588
5,270,3,m,20,23-May-2016,Sub5_Trial270_1,1,1,1,2.3369,False,0.588
5,270,3,m,20,23-May-2016,Sub5_Trial270_1,1,2,2,38.515953,False,0.588
5,270,3,m,20,23-May-2016,Sub5_Trial270_1,1,3,3,51.283697,False,0.588
5,270,3,m,20,23-May-2016,Sub5_Trial270_1,1,4,4,10.997014,False,0.588
5,270,3,m,20,23-May-2016,Sub5_Trial270_1,1,5,5,-65.854609,False,0.588
5,270,3,m,20,23-May-2016,Sub5_Trial270_1,1,6,6,-47.62863899999999,False,0.588
5,271,3,m,20,23-May-2016,Sub5_Trial271_0,0,0,0,15.97092,False,0.495
5,271,3,m,20,23-May-2016,Sub5_Trial271_0,0,1,1,21.845377,False,0.495
5,271,3,m,20,23-May-2016,Sub5_Trial271_0,0,2,2,-60.37942100000001,False,0.495
5,271,3,m,20,23-May-2016,Sub5_Trial271_0,0,3,3,-90.016424,False,0.495
5,271,3,m,20,23-May-2016,Sub5_Trial271_0,0,4,4,52.649532,False,0.495
5,271,3,m,20,23-May-2016,Sub5_Trial271_0,0,5,5,-74.885396,False,0.495
5,271,3,m,20,23-May-2016,Sub5_Trial271_0,0,6,6,91.882936,False,0.495
5,271,3,m,20,23-May-2016,Sub5_Trial271_1,1,0,0,52.531582,True,0.495
5,271,3,m,20,23-May-2016,Sub5_Trial271_1,1,1,1,-143.970938,True,0.495
5,271,3,m,20,23-May-2016,Sub5_Trial271_1,1,2,2,-15.441956,True,0.495
5,271,3,m,20,23-May-2016,Sub5_Trial271_1,1,3,3,22.937917,True,0.495
5,271,3,m,20,23-May-2016,Sub5_Trial271_1,1,4,4,5.1536539999999995,True,0.495
5,271,3,m,20,23-May-2016,Sub5_Trial271_1,1,5,5,54.192702,True,0.495
5,271,3,m,20,23-May-2016,Sub5_Trial271_1,1,6,6,-144.598559,True,0.495
5,272,3,m,20,23-May-2016,Sub5_Trial272_0,0,0,0,29.601935999999995,True,1.817
5,272,3,m,20,23-May-2016,Sub5_Trial272_0,0,1,1,134.63509,True,1.817
5,272,3,m,20,23-May-2016,Sub5_Trial272_0,0,2,2,24.338982,True,1.817
5,272,3,m,20,23-May-2016,Sub5_Trial272_0,0,3,3,-81.249492,True,1.817
5,272,3,m,20,23-May-2016,Sub5_Trial272_0,0,4,4,108.995713,True,1.817
5,272,3,m,20,23-May-2016,Sub5_Trial272_0,0,5,5,-86.070715,True,1.817
5,272,3,m,20,23-May-2016,Sub5_Trial272_0,0,6,6,-51.214591,True,1.817
5,272,3,m,20,23-May-2016,Sub5_Trial272_1,1,0,0,47.66761,False,1.817
5,272,3,m,20,23-May-2016,Sub5_Trial272_1,1,1,1,-11.885008,False,1.817
5,272,3,m,20,23-May-2016,Sub5_Trial272_1,1,2,2,7.944925,False,1.817
5,272,3,m,20,23-May-2016,Sub5_Trial272_1,1,3,3,51.416586,False,1.817
5,272,3,m,20,23-May-2016,Sub5_Trial272_1,1,4,4,-46.94419099999999,False,1.817
5,272,3,m,20,23-May-2016,Sub5_Trial272_1,1,5,5,-51.00137599999999,False,1.817
5,272,3,m,20,23-May-2016,Sub5_Trial272_1,1,6,6,40.997612,False,1.817
5,273,3,m,20,23-May-2016,Sub5_Trial273_0,0,0,0,18.207516,False,0.494
5,273,3,m,20,23-May-2016,Sub5_Trial273_0,0,1,1,23.868018,False,0.494
5,273,3,m,20,23-May-2016,Sub5_Trial273_0,0,2,2,38.82953,False,0.494
5,273,3,m,20,23-May-2016,Sub5_Trial273_0,0,3,3,-28.613292,False,0.494
5,273,3,m,20,23-May-2016,Sub5_Trial273_0,0,4,4,8.742477,False,0.494
5,273,3,m,20,23-May-2016,Sub5_Trial273_0,0,5,5,-55.508956,False,0.494
5,273,3,m,20,23-May-2016,Sub5_Trial273_0,0,6,6,2.077026,False,0.494
5,273,3,m,20,23-May-2016,Sub5_Trial273_1,1,0,0,30.520015,True,0.494
5,273,3,m,20,23-May-2016,Sub5_Trial273_1,1,1,1,-36.167953,True,0.494
5,273,3,m,20,23-May-2016,Sub5_Trial273_1,1,2,2,73.906875,True,0.494
5,273,3,m,20,23-May-2016,Sub5_Trial273_1,1,3,3,-62.68288,True,0.494
5,273,3,m,20,23-May-2016,Sub5_Trial273_1,1,4,4,82.734429,True,0.494
5,273,3,m,20,23-May-2016,Sub5_Trial273_1,1,5,5,80.170473,True,0.494
5,273,3,m,20,23-May-2016,Sub5_Trial273_1,1,6,6,58.284085000000005,True,0.494
5,274,3,m,20,23-May-2016,Sub5_Trial274_0,0,0,0,24.193741000000003,True,1.15
5,274,3,m,20,23-May-2016,Sub5_Trial274_0,0,1,1,-16.835918,True,1.15
5,274,3,m,20,23-May-2016,Sub5_Trial274_0,0,2,2,-63.247997,True,1.15
5,274,3,m,20,23-May-2016,Sub5_Trial274_0,0,3,3,-133.577298,True,1.15
5,274,3,m,20,23-May-2016,Sub5_Trial274_0,0,4,4,-7.165548000000001,True,1.15
5,274,3,m,20,23-May-2016,Sub5_Trial274_0,0,5,5,-48.61301,True,1.15
5,274,3,m,20,23-May-2016,Sub5_Trial274_0,0,6,6,-45.703844,True,1.15
5,274,3,m,20,23-May-2016,Sub5_Trial274_1,1,0,0,-57.554897,False,1.15
5,274,3,m,20,23-May-2016,Sub5_Trial274_1,1,1,1,107.679214,False,1.15
5,274,3,m,20,23-May-2016,Sub5_Trial274_1,1,2,2,133.172163,False,1.15
5,274,3,m,20,23-May-2016,Sub5_Trial274_1,1,3,3,-46.08598599999999,False,1.15
5,274,3,m,20,23-May-2016,Sub5_Trial274_1,1,4,4,-68.554363,False,1.15
5,274,3,m,20,23-May-2016,Sub5_Trial274_1,1,5,5,-8.575040000000001,False,1.15
5,274,3,m,20,23-May-2016,Sub5_Trial274_1,1,6,6,150.125947,False,1.15
5,275,3,m,20,23-May-2016,Sub5_Trial275_0,0,0,0,-4.549144,True,1.912
5,275,3,m,20,23-May-2016,Sub5_Trial275_0,0,1,1,100.391447,True,1.912
5,275,3,m,20,23-May-2016,Sub5_Trial275_0,0,2,2,11.308432,True,1.912
5,275,3,m,20,23-May-2016,Sub5_Trial275_0,0,3,3,134.548541,True,1.912
5,275,3,m,20,23-May-2016,Sub5_Trial275_0,0,4,4,-59.017684,True,1.912
5,275,3,m,20,23-May-2016,Sub5_Trial275_0,0,5,5,-85.704029,True,1.912
5,275,3,m,20,23-May-2016,Sub5_Trial275_0,0,6,6,18.958349,True,1.912
5,275,3,m,20,23-May-2016,Sub5_Trial275_1,1,0,0,-21.70935,False,1.912
5,275,3,m,20,23-May-2016,Sub5_Trial275_1,1,1,1,-36.133227,False,1.912
5,275,3,m,20,23-May-2016,Sub5_Trial275_1,1,2,2,-31.965441,False,1.912
5,275,3,m,20,23-May-2016,Sub5_Trial275_1,1,3,3,39.436744,False,1.912
5,275,3,m,20,23-May-2016,Sub5_Trial275_1,1,4,4,-59.68211500000001,False,1.912
5,275,3,m,20,23-May-2016,Sub5_Trial275_1,1,5,5,2.588681000000001,False,1.912
5,275,3,m,20,23-May-2016,Sub5_Trial275_1,1,6,6,-52.51878099999999,False,1.912
5,276,3,m,20,23-May-2016,Sub5_Trial276_0,0,0,0,42.839016,True,1.094
5,276,3,m,20,23-May-2016,Sub5_Trial276_0,0,1,1,-6.444109000000001,True,1.094
5,276,3,m,20,23-May-2016,Sub5_Trial276_0,0,2,2,46.492044,True,1.094
5,276,3,m,20,23-May-2016,Sub5_Trial276_0,0,3,3,113.046288,True,1.094
5,276,3,m,20,23-May-2016,Sub5_Trial276_0,0,4,4,69.250855,True,1.094
5,276,3,m,20,23-May-2016,Sub5_Trial276_0,0,5,5,31.032438,True,1.094
5,276,3,m,20,23-May-2016,Sub5_Trial276_0,0,6,6,-1.9415720000000007,True,1.094
5,276,3,m,20,23-May-2016,Sub5_Trial276_1,1,0,0,14.184168999999997,False,1.094
5,276,3,m,20,23-May-2016,Sub5_Trial276_1,1,1,1,-29.264169,False,1.094
5,276,3,m,20,23-May-2016,Sub5_Trial276_1,1,2,2,105.715132,False,1.094
5,276,3,m,20,23-May-2016,Sub5_Trial276_1,1,3,3,1.2330590000000008,False,1.094
5,276,3,m,20,23-May-2016,Sub5_Trial276_1,1,4,4,-22.764413,False,1.094
5,276,3,m,20,23-May-2016,Sub5_Trial276_1,1,5,5,12.230949000000003,False,1.094
5,276,3,m,20,23-May-2016,Sub5_Trial276_1,1,6,6,-83.563562,False,1.094
5,277,3,m,20,23-May-2016,Sub5_Trial277_0,0,0,0,16.745083,True,1.95
5,277,3,m,20,23-May-2016,Sub5_Trial277_0,0,1,1,83.771527,True,1.95
5,277,3,m,20,23-May-2016,Sub5_Trial277_0,0,2,2,24.490624,True,1.95
5,277,3,m,20,23-May-2016,Sub5_Trial277_0,0,3,3,-62.843728999999996,True,1.95
5,277,3,m,20,23-May-2016,Sub5_Trial277_0,0,4,4,30.315597,True,1.95
5,277,3,m,20,23-May-2016,Sub5_Trial277_0,0,5,5,84.737881,True,1.95
5,277,3,m,20,23-May-2016,Sub5_Trial277_0,0,6,6,-52.500922,True,1.95
5,277,3,m,20,23-May-2016,Sub5_Trial277_1,1,0,0,42.259091,False,1.95
5,277,3,m,20,23-May-2016,Sub5_Trial277_1,1,1,1,111.04931399999998,False,1.95
5,277,3,m,20,23-May-2016,Sub5_Trial277_1,1,2,2,-20.011043,False,1.95
5,277,3,m,20,23-May-2016,Sub5_Trial277_1,1,3,3,-75.641262,False,1.95
5,277,3,m,20,23-May-2016,Sub5_Trial277_1,1,4,4,-7.473407999999999,False,1.95
5,277,3,m,20,23-May-2016,Sub5_Trial277_1,1,5,5,58.139606,False,1.95
5,277,3,m,20,23-May-2016,Sub5_Trial277_1,1,6,6,96.79431,False,1.95
5,278,3,m,20,23-May-2016,Sub5_Trial278_0,0,0,0,-42.978876,False,2.133
5,278,3,m,20,23-May-2016,Sub5_Trial278_0,0,1,1,-19.208246000000003,False,2.133
5,278,3,m,20,23-May-2016,Sub5_Trial278_0,0,2,2,-99.386615,False,2.133
5,278,3,m,20,23-May-2016,Sub5_Trial278_0,0,3,3,-76.724739,False,2.133
5,278,3,m,20,23-May-2016,Sub5_Trial278_0,0,4,4,111.82556,False,2.133
5,278,3,m,20,23-May-2016,Sub5_Trial278_0,0,5,5,-52.659504999999996,False,2.133
5,278,3,m,20,23-May-2016,Sub5_Trial278_0,0,6,6,149.471301,False,2.133
5,278,3,m,20,23-May-2016,Sub5_Trial278_1,1,0,0,-32.96737,True,2.133
5,278,3,m,20,23-May-2016,Sub5_Trial278_1,1,1,1,105.384834,True,2.133
5,278,3,m,20,23-May-2016,Sub5_Trial278_1,1,2,2,113.721148,True,2.133
5,278,3,m,20,23-May-2016,Sub5_Trial278_1,1,3,3,-80.464685,True,2.133
5,278,3,m,20,23-May-2016,Sub5_Trial278_1,1,4,4,53.080089,True,2.133
5,278,3,m,20,23-May-2016,Sub5_Trial278_1,1,5,5,60.081259,True,2.133
5,278,3,m,20,23-May-2016,Sub5_Trial278_1,1,6,6,-28.416024,True,2.133
5,279,3,m,20,23-May-2016,Sub5_Trial279_0,0,0,0,-7.8122219999999984,False,1.315
5,279,3,m,20,23-May-2016,Sub5_Trial279_0,0,1,1,-114.58798000000002,False,1.315
5,279,3,m,20,23-May-2016,Sub5_Trial279_0,0,2,2,-69.913427,False,1.315
5,279,3,m,20,23-May-2016,Sub5_Trial279_0,0,3,3,-10.367628,False,1.315
5,279,3,m,20,23-May-2016,Sub5_Trial279_0,0,4,4,-38.391373,False,1.315
5,279,3,m,20,23-May-2016,Sub5_Trial279_0,0,5,5,-37.469329,False,1.315
5,279,3,m,20,23-May-2016,Sub5_Trial279_0,0,6,6,24.929847,False,1.315
5,279,3,m,20,23-May-2016,Sub5_Trial279_1,1,0,0,-114.5618,True,1.315
5,279,3,m,20,23-May-2016,Sub5_Trial279_1,1,1,1,-46.012252,True,1.315
5,279,3,m,20,23-May-2016,Sub5_Trial279_1,1,2,2,43.664964,True,1.315
5,279,3,m,20,23-May-2016,Sub5_Trial279_1,1,3,3,-2.716619999999999,True,1.315
5,279,3,m,20,23-May-2016,Sub5_Trial279_1,1,4,4,3.7928950000000015,True,1.315
5,279,3,m,20,23-May-2016,Sub5_Trial279_1,1,5,5,108.481978,True,1.315
5,279,3,m,20,23-May-2016,Sub5_Trial279_1,1,6,6,1.351341999999999,True,1.315
5,280,3,m,20,23-May-2016,Sub5_Trial280_0,0,0,0,43.975763,False,0.642
5,280,3,m,20,23-May-2016,Sub5_Trial280_0,0,1,1,-64.847856,False,0.642
5,280,3,m,20,23-May-2016,Sub5_Trial280_0,0,2,2,-99.032522,False,0.642
5,280,3,m,20,23-May-2016,Sub5_Trial280_0,0,3,3,118.63859300000001,False,0.642
5,280,3,m,20,23-May-2016,Sub5_Trial280_0,0,4,4,-0.4425929999999987,False,0.642
5,280,3,m,20,23-May-2016,Sub5_Trial280_0,0,5,5,-95.296988,False,0.642
5,280,3,m,20,23-May-2016,Sub5_Trial280_0,0,6,6,-39.33697,False,0.642
5,280,3,m,20,23-May-2016,Sub5_Trial280_1,1,0,0,107.49358,True,0.642
5,280,3,m,20,23-May-2016,Sub5_Trial280_1,1,1,1,-15.487961999999996,True,0.642
5,280,3,m,20,23-May-2016,Sub5_Trial280_1,1,2,2,81.033559,True,0.642
5,280,3,m,20,23-May-2016,Sub5_Trial280_1,1,3,3,-48.69993099999999,True,0.642
5,280,3,m,20,23-May-2016,Sub5_Trial280_1,1,4,4,40.4933,True,0.642
5,280,3,m,20,23-May-2016,Sub5_Trial280_1,1,5,5,-7.719072000000001,True,0.642
5,280,3,m,20,23-May-2016,Sub5_Trial280_1,1,6,6,-72.417041,True,0.642
5,281,3,m,20,23-May-2016,Sub5_Trial281_0,0,0,0,86.796322,False,0.682
5,281,3,m,20,23-May-2016,Sub5_Trial281_0,0,1,1,-66.953727,False,0.682
5,281,3,m,20,23-May-2016,Sub5_Trial281_0,0,2,2,39.411729,False,0.682
5,281,3,m,20,23-May-2016,Sub5_Trial281_0,0,3,3,58.62523300000001,False,0.682
5,281,3,m,20,23-May-2016,Sub5_Trial281_0,0,4,4,-54.287988,False,0.682
5,281,3,m,20,23-May-2016,Sub5_Trial281_0,0,5,5,-65.201869,False,0.682
5,281,3,m,20,23-May-2016,Sub5_Trial281_0,0,6,6,-15.555712,False,0.682
5,281,3,m,20,23-May-2016,Sub5_Trial281_1,1,0,0,7.4009350000000005,True,0.682
5,281,3,m,20,23-May-2016,Sub5_Trial281_1,1,1,1,63.810204,True,0.682
5,281,3,m,20,23-May-2016,Sub5_Trial281_1,1,2,2,-36.875715,True,0.682
5,281,3,m,20,23-May-2016,Sub5_Trial281_1,1,3,3,5.574442999999999,True,0.682
5,281,3,m,20,23-May-2016,Sub5_Trial281_1,1,4,4,-61.229766,True,0.682
5,281,3,m,20,23-May-2016,Sub5_Trial281_1,1,5,5,45.247589,True,0.682
5,281,3,m,20,23-May-2016,Sub5_Trial281_1,1,6,6,103.190463,True,0.682
5,282,3,m,20,23-May-2016,Sub5_Trial282_0,0,0,0,-37.835072,False,2.105
5,282,3,m,20,23-May-2016,Sub5_Trial282_0,0,1,1,116.177104,False,2.105
5,282,3,m,20,23-May-2016,Sub5_Trial282_0,0,2,2,-122.39985200000001,False,2.105
5,282,3,m,20,23-May-2016,Sub5_Trial282_0,0,3,3,-42.444339,False,2.105
5,282,3,m,20,23-May-2016,Sub5_Trial282_0,0,4,4,-55.045199,False,2.105
5,282,3,m,20,23-May-2016,Sub5_Trial282_0,0,5,5,-75.063429,False,2.105
5,282,3,m,20,23-May-2016,Sub5_Trial282_0,0,6,6,-77.131232,False,2.105
5,282,3,m,20,23-May-2016,Sub5_Trial282_1,1,0,0,35.070797,True,2.105
5,282,3,m,20,23-May-2016,Sub5_Trial282_1,1,1,1,45.111290999999994,True,2.105
5,282,3,m,20,23-May-2016,Sub5_Trial282_1,1,2,2,66.458673,True,2.105
5,282,3,m,20,23-May-2016,Sub5_Trial282_1,1,3,3,99.390767,True,2.105
5,282,3,m,20,23-May-2016,Sub5_Trial282_1,1,4,4,17.20548,True,2.105
5,282,3,m,20,23-May-2016,Sub5_Trial282_1,1,5,5,63.11981900000001,True,2.105
5,282,3,m,20,23-May-2016,Sub5_Trial282_1,1,6,6,68.203454,True,2.105
5,283,3,m,20,23-May-2016,Sub5_Trial283_0,0,0,0,62.752086,False,0.868
5,283,3,m,20,23-May-2016,Sub5_Trial283_0,0,1,1,-54.530647,False,0.868
5,283,3,m,20,23-May-2016,Sub5_Trial283_0,0,2,2,54.261853,False,0.868
5,283,3,m,20,23-May-2016,Sub5_Trial283_0,0,3,3,94.794387,False,0.868
5,283,3,m,20,23-May-2016,Sub5_Trial283_0,0,4,4,-94.798105,False,0.868
5,283,3,m,20,23-May-2016,Sub5_Trial283_0,0,5,5,-31.936499999999995,False,0.868
5,283,3,m,20,23-May-2016,Sub5_Trial283_0,0,6,6,-48.845878,False,0.868
5,283,3,m,20,23-May-2016,Sub5_Trial283_1,1,0,0,24.322156,True,0.868
5,283,3,m,20,23-May-2016,Sub5_Trial283_1,1,1,1,25.392928999999995,True,0.868
5,283,3,m,20,23-May-2016,Sub5_Trial283_1,1,2,2,-38.325596,True,0.868
5,283,3,m,20,23-May-2016,Sub5_Trial283_1,1,3,3,46.835972999999996,True,0.868
5,283,3,m,20,23-May-2016,Sub5_Trial283_1,1,4,4,-66.001369,True,0.868
5,283,3,m,20,23-May-2016,Sub5_Trial283_1,1,5,5,18.851141999999996,True,0.868
5,283,3,m,20,23-May-2016,Sub5_Trial283_1,1,6,6,-94.525976,True,0.868
5,284,3,m,20,23-May-2016,Sub5_Trial284_0,0,0,0,14.680700000000002,True,1.071
5,284,3,m,20,23-May-2016,Sub5_Trial284_0,0,1,1,44.442792,True,1.071
5,284,3,m,20,23-May-2016,Sub5_Trial284_0,0,2,2,74.366656,True,1.071
5,284,3,m,20,23-May-2016,Sub5_Trial284_0,0,3,3,125.24739499999998,True,1.071
5,284,3,m,20,23-May-2016,Sub5_Trial284_0,0,4,4,15.938696,True,1.071
5,284,3,m,20,23-May-2016,Sub5_Trial284_0,0,5,5,-18.925224,True,1.071
5,284,3,m,20,23-May-2016,Sub5_Trial284_0,0,6,6,-74.121001,True,1.071
5,284,3,m,20,23-May-2016,Sub5_Trial284_1,1,0,0,-16.017234000000002,False,1.071
5,284,3,m,20,23-May-2016,Sub5_Trial284_1,1,1,1,-63.177437,False,1.071
5,284,3,m,20,23-May-2016,Sub5_Trial284_1,1,2,2,-61.88064399999999,False,1.071
5,284,3,m,20,23-May-2016,Sub5_Trial284_1,1,3,3,77.847884,False,1.071
5,284,3,m,20,23-May-2016,Sub5_Trial284_1,1,4,4,-134.082157,False,1.071
5,284,3,m,20,23-May-2016,Sub5_Trial284_1,1,5,5,-43.274418,False,1.071
5,284,3,m,20,23-May-2016,Sub5_Trial284_1,1,6,6,78.885155,False,1.071
5,285,3,m,20,23-May-2016,Sub5_Trial285_0,0,0,0,52.63335000000001,True,0.802
5,285,3,m,20,23-May-2016,Sub5_Trial285_0,0,1,1,-24.458691,True,0.802
5,285,3,m,20,23-May-2016,Sub5_Trial285_0,0,2,2,-73.779625,True,0.802
5,285,3,m,20,23-May-2016,Sub5_Trial285_0,0,3,3,-6.336210999999999,True,0.802
5,285,3,m,20,23-May-2016,Sub5_Trial285_0,0,4,4,25.355221,True,0.802
5,285,3,m,20,23-May-2016,Sub5_Trial285_0,0,5,5,-65.862446,True,0.802
5,285,3,m,20,23-May-2016,Sub5_Trial285_0,0,6,6,79.215098,True,0.802
5,285,3,m,20,23-May-2016,Sub5_Trial285_1,1,0,0,17.771085,False,0.802
5,285,3,m,20,23-May-2016,Sub5_Trial285_1,1,1,1,-72.667776,False,0.802
5,285,3,m,20,23-May-2016,Sub5_Trial285_1,1,2,2,62.499166,False,0.802
5,285,3,m,20,23-May-2016,Sub5_Trial285_1,1,3,3,-16.258470000000003,False,0.802
5,285,3,m,20,23-May-2016,Sub5_Trial285_1,1,4,4,6.461448000000001,False,0.802
5,285,3,m,20,23-May-2016,Sub5_Trial285_1,1,5,5,-54.522143,False,0.802
5,285,3,m,20,23-May-2016,Sub5_Trial285_1,1,6,6,28.617897,False,0.802
5,286,3,m,20,23-May-2016,Sub5_Trial286_0,0,0,0,39.453783,True,0.571
5,286,3,m,20,23-May-2016,Sub5_Trial286_0,0,1,1,-69.744362,True,0.571
5,286,3,m,20,23-May-2016,Sub5_Trial286_0,0,2,2,38.010792,True,0.571
5,286,3,m,20,23-May-2016,Sub5_Trial286_0,0,3,3,77.90501,True,0.571
5,286,3,m,20,23-May-2016,Sub5_Trial286_0,0,4,4,18.730365,True,0.571
5,286,3,m,20,23-May-2016,Sub5_Trial286_0,0,5,5,-33.941952,True,0.571
5,286,3,m,20,23-May-2016,Sub5_Trial286_0,0,6,6,-78.672397,True,0.571
5,286,3,m,20,23-May-2016,Sub5_Trial286_1,1,0,0,43.811551,False,0.571
5,286,3,m,20,23-May-2016,Sub5_Trial286_1,1,1,1,15.943854,False,0.571
5,286,3,m,20,23-May-2016,Sub5_Trial286_1,1,2,2,-62.33353199999999,False,0.571
5,286,3,m,20,23-May-2016,Sub5_Trial286_1,1,3,3,28.422133,False,0.571
5,286,3,m,20,23-May-2016,Sub5_Trial286_1,1,4,4,-53.202511,False,0.571
5,286,3,m,20,23-May-2016,Sub5_Trial286_1,1,5,5,-115.30445600000002,False,0.571
5,286,3,m,20,23-May-2016,Sub5_Trial286_1,1,6,6,-42.393443,False,0.571
5,287,3,m,20,23-May-2016,Sub5_Trial287_0,0,0,0,23.187547,False,0.457
5,287,3,m,20,23-May-2016,Sub5_Trial287_0,0,1,1,-113.580649,False,0.457
5,287,3,m,20,23-May-2016,Sub5_Trial287_0,0,2,2,63.039594,False,0.457
5,287,3,m,20,23-May-2016,Sub5_Trial287_0,0,3,3,-26.741549,False,0.457
5,287,3,m,20,23-May-2016,Sub5_Trial287_0,0,4,4,43.563183,False,0.457
5,287,3,m,20,23-May-2016,Sub5_Trial287_0,0,5,5,-41.525976,False,0.457
5,287,3,m,20,23-May-2016,Sub5_Trial287_0,0,6,6,-26.720201000000003,False,0.457
5,287,3,m,20,23-May-2016,Sub5_Trial287_1,1,0,0,48.661592,True,0.457
5,287,3,m,20,23-May-2016,Sub5_Trial287_1,1,1,1,-33.673629,True,0.457
5,287,3,m,20,23-May-2016,Sub5_Trial287_1,1,2,2,73.210624,True,0.457
5,287,3,m,20,23-May-2016,Sub5_Trial287_1,1,3,3,26.733063,True,0.457
5,287,3,m,20,23-May-2016,Sub5_Trial287_1,1,4,4,16.096606,True,0.457
5,287,3,m,20,23-May-2016,Sub5_Trial287_1,1,5,5,7.660747999999998,True,0.457
5,287,3,m,20,23-May-2016,Sub5_Trial287_1,1,6,6,6.836092000000001,True,0.457
5,288,3,m,20,23-May-2016,Sub5_Trial288_0,0,0,0,68.441816,False,0.88
5,288,3,m,20,23-May-2016,Sub5_Trial288_0,0,1,1,-65.163955,False,0.88
5,288,3,m,20,23-May-2016,Sub5_Trial288_0,0,2,2,-45.69668200000001,False,0.88
5,288,3,m,20,23-May-2016,Sub5_Trial288_0,0,3,3,43.566473,False,0.88
5,288,3,m,20,23-May-2016,Sub5_Trial288_0,0,4,4,-13.286448,False,0.88
5,288,3,m,20,23-May-2016,Sub5_Trial288_0,0,5,5,16.701245,False,0.88
5,288,3,m,20,23-May-2016,Sub5_Trial288_0,0,6,6,-32.80426,False,0.88
5,288,3,m,20,23-May-2016,Sub5_Trial288_1,1,0,0,93.307334,True,0.88
5,288,3,m,20,23-May-2016,Sub5_Trial288_1,1,1,1,60.01403500000001,True,0.88
5,288,3,m,20,23-May-2016,Sub5_Trial288_1,1,2,2,4.54269,True,0.88
5,288,3,m,20,23-May-2016,Sub5_Trial288_1,1,3,3,-38.823547,True,0.88
5,288,3,m,20,23-May-2016,Sub5_Trial288_1,1,4,4,79.799731,True,0.88
5,288,3,m,20,23-May-2016,Sub5_Trial288_1,1,5,5,-17.641884,True,0.88
5,288,3,m,20,23-May-2016,Sub5_Trial288_1,1,6,6,21.338128999999995,True,0.88
5,289,3,m,20,23-May-2016,Sub5_Trial289_0,0,0,0,130.953484,False,1.292
5,289,3,m,20,23-May-2016,Sub5_Trial289_0,0,1,1,46.055423,False,1.292
5,289,3,m,20,23-May-2016,Sub5_Trial289_0,0,2,2,37.159434,False,1.292
5,289,3,m,20,23-May-2016,Sub5_Trial289_0,0,3,3,2.0973520000000008,False,1.292
5,289,3,m,20,23-May-2016,Sub5_Trial289_0,0,4,4,-31.327394999999996,False,1.292
5,289,3,m,20,23-May-2016,Sub5_Trial289_0,0,5,5,54.459849,False,1.292
5,289,3,m,20,23-May-2016,Sub5_Trial289_0,0,6,6,79.718486,False,1.292
5,289,3,m,20,23-May-2016,Sub5_Trial289_1,1,0,0,75.907566,True,1.292
5,289,3,m,20,23-May-2016,Sub5_Trial289_1,1,1,1,53.33014299999999,True,1.292
5,289,3,m,20,23-May-2016,Sub5_Trial289_1,1,2,2,14.258609,True,1.292
5,289,3,m,20,23-May-2016,Sub5_Trial289_1,1,3,3,4.612127000000001,True,1.292
5,289,3,m,20,23-May-2016,Sub5_Trial289_1,1,4,4,31.963938,True,1.292
5,289,3,m,20,23-May-2016,Sub5_Trial289_1,1,5,5,26.25262,True,1.292
5,289,3,m,20,23-May-2016,Sub5_Trial289_1,1,6,6,2.7934669999999997,True,1.292
5,290,3,m,20,23-May-2016,Sub5_Trial290_0,0,0,0,12.584316999999999,True,1.676
5,290,3,m,20,23-May-2016,Sub5_Trial290_0,0,1,1,36.566755,True,1.676
5,290,3,m,20,23-May-2016,Sub5_Trial290_0,0,2,2,-25.032104,True,1.676
5,290,3,m,20,23-May-2016,Sub5_Trial290_0,0,3,3,24.667386,True,1.676
5,290,3,m,20,23-May-2016,Sub5_Trial290_0,0,4,4,-34.201122,True,1.676
5,290,3,m,20,23-May-2016,Sub5_Trial290_0,0,5,5,74.799937,True,1.676
5,290,3,m,20,23-May-2016,Sub5_Trial290_0,0,6,6,-55.642148,True,1.676
5,290,3,m,20,23-May-2016,Sub5_Trial290_1,1,0,0,-19.703158000000002,False,1.676
5,290,3,m,20,23-May-2016,Sub5_Trial290_1,1,1,1,-29.90251,False,1.676
5,290,3,m,20,23-May-2016,Sub5_Trial290_1,1,2,2,39.371547,False,1.676
5,290,3,m,20,23-May-2016,Sub5_Trial290_1,1,3,3,-30.034919000000002,False,1.676
5,290,3,m,20,23-May-2016,Sub5_Trial290_1,1,4,4,-131.245319,False,1.676
5,290,3,m,20,23-May-2016,Sub5_Trial290_1,1,5,5,-56.026315,False,1.676
5,290,3,m,20,23-May-2016,Sub5_Trial290_1,1,6,6,69.997069,False,1.676
5,291,3,m,20,23-May-2016,Sub5_Trial291_0,0,0,0,69.567416,True,1.031
5,291,3,m,20,23-May-2016,Sub5_Trial291_0,0,1,1,-60.990892,True,1.031
5,291,3,m,20,23-May-2016,Sub5_Trial291_0,0,2,2,-42.843188,True,1.031
5,291,3,m,20,23-May-2016,Sub5_Trial291_0,0,3,3,95.632331,True,1.031
5,291,3,m,20,23-May-2016,Sub5_Trial291_0,0,4,4,26.858443,True,1.031
5,291,3,m,20,23-May-2016,Sub5_Trial291_0,0,5,5,-59.728273,True,1.031
5,291,3,m,20,23-May-2016,Sub5_Trial291_0,0,6,6,-129.213606,True,1.031
5,291,3,m,20,23-May-2016,Sub5_Trial291_1,1,0,0,-45.545401,False,1.031
5,291,3,m,20,23-May-2016,Sub5_Trial291_1,1,1,1,98.152386,False,1.031
5,291,3,m,20,23-May-2016,Sub5_Trial291_1,1,2,2,48.32785200000001,False,1.031
5,291,3,m,20,23-May-2016,Sub5_Trial291_1,1,3,3,2.231788999999999,False,1.031
5,291,3,m,20,23-May-2016,Sub5_Trial291_1,1,4,4,-73.665614,False,1.031
5,291,3,m,20,23-May-2016,Sub5_Trial291_1,1,5,5,-98.29825,False,1.031
5,291,3,m,20,23-May-2016,Sub5_Trial291_1,1,6,6,-9.822372,False,1.031
5,292,3,m,20,23-May-2016,Sub5_Trial292_0,0,0,0,88.640633,True,0.748
5,292,3,m,20,23-May-2016,Sub5_Trial292_0,0,1,1,72.085522,True,0.748
5,292,3,m,20,23-May-2016,Sub5_Trial292_0,0,2,2,132.018894,True,0.748
5,292,3,m,20,23-May-2016,Sub5_Trial292_0,0,3,3,23.360433,True,0.748
5,292,3,m,20,23-May-2016,Sub5_Trial292_0,0,4,4,-26.286457,True,0.748
5,292,3,m,20,23-May-2016,Sub5_Trial292_0,0,5,5,-71.57796,True,0.748
5,292,3,m,20,23-May-2016,Sub5_Trial292_0,0,6,6,-1.5691389999999998,True,0.748
5,292,3,m,20,23-May-2016,Sub5_Trial292_1,1,0,0,125.065731,False,0.748
5,292,3,m,20,23-May-2016,Sub5_Trial292_1,1,1,1,40.178361,False,0.748
5,292,3,m,20,23-May-2016,Sub5_Trial292_1,1,2,2,99.334487,False,0.748
5,292,3,m,20,23-May-2016,Sub5_Trial292_1,1,3,3,48.00415,False,0.748
5,292,3,m,20,23-May-2016,Sub5_Trial292_1,1,4,4,56.531289,False,0.748
5,292,3,m,20,23-May-2016,Sub5_Trial292_1,1,5,5,-17.871365999999995,False,0.748
5,292,3,m,20,23-May-2016,Sub5_Trial292_1,1,6,6,-31.597082999999998,False,0.748
5,293,3,m,20,23-May-2016,Sub5_Trial293_0,0,0,0,4.471781,False,3.861
5,293,3,m,20,23-May-2016,Sub5_Trial293_0,0,1,1,-68.584825,False,3.861
5,293,3,m,20,23-May-2016,Sub5_Trial293_0,0,2,2,-19.760622999999995,False,3.861
5,293,3,m,20,23-May-2016,Sub5_Trial293_0,0,3,3,-25.207441000000003,False,3.861
5,293,3,m,20,23-May-2016,Sub5_Trial293_0,0,4,4,-13.720832000000001,False,3.861
5,293,3,m,20,23-May-2016,Sub5_Trial293_0,0,5,5,14.905248,False,3.861
5,293,3,m,20,23-May-2016,Sub5_Trial293_0,0,6,6,-6.217777999999999,False,3.861
5,293,3,m,20,23-May-2016,Sub5_Trial293_1,1,0,0,23.779455,True,3.861
5,293,3,m,20,23-May-2016,Sub5_Trial293_1,1,1,1,-103.151572,True,3.861
5,293,3,m,20,23-May-2016,Sub5_Trial293_1,1,2,2,-104.339078,True,3.861
5,293,3,m,20,23-May-2016,Sub5_Trial293_1,1,3,3,16.073757999999998,True,3.861
5,293,3,m,20,23-May-2016,Sub5_Trial293_1,1,4,4,-52.038526,True,3.861
5,293,3,m,20,23-May-2016,Sub5_Trial293_1,1,5,5,-21.666036,True,3.861
5,293,3,m,20,23-May-2016,Sub5_Trial293_1,1,6,6,-25.697818,True,3.861
5,294,3,m,20,23-May-2016,Sub5_Trial294_0,0,0,0,88.264615,True,0.983
5,294,3,m,20,23-May-2016,Sub5_Trial294_0,0,1,1,-56.895111,True,0.983
5,294,3,m,20,23-May-2016,Sub5_Trial294_0,0,2,2,-1.293564,True,0.983
5,294,3,m,20,23-May-2016,Sub5_Trial294_0,0,3,3,-114.605437,True,0.983
5,294,3,m,20,23-May-2016,Sub5_Trial294_0,0,4,4,-25.015199,True,0.983
5,294,3,m,20,23-May-2016,Sub5_Trial294_0,0,5,5,-41.965172,True,0.983
5,294,3,m,20,23-May-2016,Sub5_Trial294_0,0,6,6,-3.8078590000000005,True,0.983
5,294,3,m,20,23-May-2016,Sub5_Trial294_1,1,0,0,-1.6879190000000008,False,0.983
5,294,3,m,20,23-May-2016,Sub5_Trial294_1,1,1,1,-7.540310999999999,False,0.983
5,294,3,m,20,23-May-2016,Sub5_Trial294_1,1,2,2,75.583132,False,0.983
5,294,3,m,20,23-May-2016,Sub5_Trial294_1,1,3,3,118.802932,False,0.983
5,294,3,m,20,23-May-2016,Sub5_Trial294_1,1,4,4,-122.126487,False,0.983
5,294,3,m,20,23-May-2016,Sub5_Trial294_1,1,5,5,12.373474,False,0.983
5,294,3,m,20,23-May-2016,Sub5_Trial294_1,1,6,6,50.532584,False,0.983
5,295,3,m,20,23-May-2016,Sub5_Trial295_0,0,0,0,5.9971239999999995,True,2.013
5,295,3,m,20,23-May-2016,Sub5_Trial295_0,0,1,1,70.596708,True,2.013
5,295,3,m,20,23-May-2016,Sub5_Trial295_0,0,2,2,-30.456529000000003,True,2.013
5,295,3,m,20,23-May-2016,Sub5_Trial295_0,0,3,3,-61.06401600000001,True,2.013
5,295,3,m,20,23-May-2016,Sub5_Trial295_0,0,4,4,38.339095,True,2.013
5,295,3,m,20,23-May-2016,Sub5_Trial295_0,0,5,5,3.9627440000000007,True,2.013
5,295,3,m,20,23-May-2016,Sub5_Trial295_0,0,6,6,-75.170349,True,2.013
5,295,3,m,20,23-May-2016,Sub5_Trial295_1,1,0,0,65.767963,False,2.013
5,295,3,m,20,23-May-2016,Sub5_Trial295_1,1,1,1,-57.415717,False,2.013
5,295,3,m,20,23-May-2016,Sub5_Trial295_1,1,2,2,-33.220271,False,2.013
5,295,3,m,20,23-May-2016,Sub5_Trial295_1,1,3,3,103.401413,False,2.013
5,295,3,m,20,23-May-2016,Sub5_Trial295_1,1,4,4,67.552642,False,2.013
5,295,3,m,20,23-May-2016,Sub5_Trial295_1,1,5,5,-31.958707,False,2.013
5,295,3,m,20,23-May-2016,Sub5_Trial295_1,1,6,6,-9.477267,False,2.013
5,296,3,m,20,23-May-2016,Sub5_Trial296_0,0,0,0,97.759069,False,1.985
5,296,3,m,20,23-May-2016,Sub5_Trial296_0,0,1,1,115.938734,False,1.985
5,296,3,m,20,23-May-2016,Sub5_Trial296_0,0,2,2,55.139587,False,1.985
5,296,3,m,20,23-May-2016,Sub5_Trial296_0,0,3,3,42.514703,False,1.985
5,296,3,m,20,23-May-2016,Sub5_Trial296_0,0,4,4,-27.514628000000002,False,1.985
5,296,3,m,20,23-May-2016,Sub5_Trial296_0,0,5,5,-124.98133000000001,False,1.985
5,296,3,m,20,23-May-2016,Sub5_Trial296_0,0,6,6,-71.173696,False,1.985
5,296,3,m,20,23-May-2016,Sub5_Trial296_1,1,0,0,1.3268950000000004,True,1.985
5,296,3,m,20,23-May-2016,Sub5_Trial296_1,1,1,1,5.393384000000001,True,1.985
5,296,3,m,20,23-May-2016,Sub5_Trial296_1,1,2,2,24.124860999999996,True,1.985
5,296,3,m,20,23-May-2016,Sub5_Trial296_1,1,3,3,-16.260857,True,1.985
5,296,3,m,20,23-May-2016,Sub5_Trial296_1,1,4,4,11.228572,True,1.985
5,296,3,m,20,23-May-2016,Sub5_Trial296_1,1,5,5,22.600223,True,1.985
5,296,3,m,20,23-May-2016,Sub5_Trial296_1,1,6,6,138.377919,True,1.985
5,297,3,m,20,23-May-2016,Sub5_Trial297_0,0,0,0,-80.202437,True,1.32
5,297,3,m,20,23-May-2016,Sub5_Trial297_0,0,1,1,67.869583,True,1.32
5,297,3,m,20,23-May-2016,Sub5_Trial297_0,0,2,2,98.335706,True,1.32
5,297,3,m,20,23-May-2016,Sub5_Trial297_0,0,3,3,-46.290973,True,1.32
5,297,3,m,20,23-May-2016,Sub5_Trial297_0,0,4,4,52.70285,True,1.32
5,297,3,m,20,23-May-2016,Sub5_Trial297_0,0,5,5,53.790234999999996,True,1.32
5,297,3,m,20,23-May-2016,Sub5_Trial297_0,0,6,6,52.260773,True,1.32
5,297,3,m,20,23-May-2016,Sub5_Trial297_1,1,0,0,-65.7691,False,1.32
5,297,3,m,20,23-May-2016,Sub5_Trial297_1,1,1,1,18.118584,False,1.32
5,297,3,m,20,23-May-2016,Sub5_Trial297_1,1,2,2,17.467851,False,1.32
5,297,3,m,20,23-May-2016,Sub5_Trial297_1,1,3,3,33.687516,False,1.32
5,297,3,m,20,23-May-2016,Sub5_Trial297_1,1,4,4,115.015841,False,1.32
5,297,3,m,20,23-May-2016,Sub5_Trial297_1,1,5,5,28.953247,False,1.32
5,297,3,m,20,23-May-2016,Sub5_Trial297_1,1,6,6,10.733387,False,1.32
5,298,3,m,20,23-May-2016,Sub5_Trial298_0,0,0,0,47.410763,True,1.381
5,298,3,m,20,23-May-2016,Sub5_Trial298_0,0,1,1,-14.609655,True,1.381
5,298,3,m,20,23-May-2016,Sub5_Trial298_0,0,2,2,12.947704000000002,True,1.381
5,298,3,m,20,23-May-2016,Sub5_Trial298_0,0,3,3,31.064363,True,1.381
5,298,3,m,20,23-May-2016,Sub5_Trial298_0,0,4,4,28.201679,True,1.381
5,298,3,m,20,23-May-2016,Sub5_Trial298_0,0,5,5,-44.583326,True,1.381
5,298,3,m,20,23-May-2016,Sub5_Trial298_0,0,6,6,-56.488887,True,1.381
5,298,3,m,20,23-May-2016,Sub5_Trial298_1,1,0,0,-91.249284,False,1.381
5,298,3,m,20,23-May-2016,Sub5_Trial298_1,1,1,1,-96.257652,False,1.381
5,298,3,m,20,23-May-2016,Sub5_Trial298_1,1,2,2,28.147106,False,1.381
5,298,3,m,20,23-May-2016,Sub5_Trial298_1,1,3,3,14.117674,False,1.381
5,298,3,m,20,23-May-2016,Sub5_Trial298_1,1,4,4,-34.667318,False,1.381
5,298,3,m,20,23-May-2016,Sub5_Trial298_1,1,5,5,-20.928255,False,1.381
5,298,3,m,20,23-May-2016,Sub5_Trial298_1,1,6,6,-9.546729,False,1.381
5,298,4,m,20,23-May-2016,Sub5_Trial298_0,0,0,0,47.410763,True,0.598
5,298,4,m,20,23-May-2016,Sub5_Trial298_0,0,1,1,-14.609655,True,0.598
5,298,4,m,20,23-May-2016,Sub5_Trial298_0,0,2,2,12.947704000000002,True,0.598
5,298,4,m,20,23-May-2016,Sub5_Trial298_0,0,3,3,31.064363,True,0.598
5,298,4,m,20,23-May-2016,Sub5_Trial298_0,0,4,4,28.201679,True,0.598
5,298,4,m,20,23-May-2016,Sub5_Trial298_0,0,5,5,-44.583326,True,0.598
5,298,4,m,20,23-May-2016,Sub5_Trial298_0,0,6,6,-56.488887,True,0.598
5,298,4,m,20,23-May-2016,Sub5_Trial298_1,1,0,0,-91.249284,False,0.598
5,298,4,m,20,23-May-2016,Sub5_Trial298_1,1,1,1,-96.257652,False,0.598
5,298,4,m,20,23-May-2016,Sub5_Trial298_1,1,2,2,28.147106,False,0.598
5,298,4,m,20,23-May-2016,Sub5_Trial298_1,1,3,3,14.117674,False,0.598
5,298,4,m,20,23-May-2016,Sub5_Trial298_1,1,4,4,-34.667318,False,0.598
5,298,4,m,20,23-May-2016,Sub5_Trial298_1,1,5,5,-20.928255,False,0.598
5,298,4,m,20,23-May-2016,Sub5_Trial298_1,1,6,6,-9.546729,False,0.598
5,299,4,m,20,23-May-2016,Sub5_Trial299_0,0,0,0,52.981809,False,0.467
5,299,4,m,20,23-May-2016,Sub5_Trial299_0,0,1,1,66.805394,False,0.467
5,299,4,m,20,23-May-2016,Sub5_Trial299_0,0,2,2,-100.792279,False,0.467
5,299,4,m,20,23-May-2016,Sub5_Trial299_0,0,3,3,-120.434674,False,0.467
5,299,4,m,20,23-May-2016,Sub5_Trial299_0,0,4,4,26.141502,False,0.467
5,299,4,m,20,23-May-2016,Sub5_Trial299_0,0,5,5,-25.191618,False,0.467
5,299,4,m,20,23-May-2016,Sub5_Trial299_0,0,6,6,-10.431614,False,0.467
5,299,4,m,20,23-May-2016,Sub5_Trial299_1,1,0,0,-0.3504359999999984,True,0.467
5,299,4,m,20,23-May-2016,Sub5_Trial299_1,1,1,1,62.954286999999994,True,0.467
5,299,4,m,20,23-May-2016,Sub5_Trial299_1,1,2,2,100.13526,True,0.467
5,299,4,m,20,23-May-2016,Sub5_Trial299_1,1,3,3,-8.89102,True,0.467
5,299,4,m,20,23-May-2016,Sub5_Trial299_1,1,4,4,85.014789,True,0.467
5,299,4,m,20,23-May-2016,Sub5_Trial299_1,1,5,5,38.608312,True,0.467
5,299,4,m,20,23-May-2016,Sub5_Trial299_1,1,6,6,136.825115,True,0.467
5,300,4,m,20,23-May-2016,Sub5_Trial300_0,0,0,0,-4.105677,True,0.798
5,300,4,m,20,23-May-2016,Sub5_Trial300_0,0,1,1,-10.824596,True,0.798
5,300,4,m,20,23-May-2016,Sub5_Trial300_0,0,2,2,-48.331705,True,0.798
5,300,4,m,20,23-May-2016,Sub5_Trial300_0,0,3,3,-143.626954,True,0.798
5,300,4,m,20,23-May-2016,Sub5_Trial300_0,0,4,4,-71.865125,True,0.798
5,300,4,m,20,23-May-2016,Sub5_Trial300_0,0,5,5,72.053108,True,0.798
5,300,4,m,20,23-May-2016,Sub5_Trial300_0,0,6,6,40.772607,True,0.798
5,300,4,m,20,23-May-2016,Sub5_Trial300_1,1,0,0,-62.135607,False,0.798
5,300,4,m,20,23-May-2016,Sub5_Trial300_1,1,1,1,-37.058202,False,0.798
5,300,4,m,20,23-May-2016,Sub5_Trial300_1,1,2,2,74.711488,False,0.798
5,300,4,m,20,23-May-2016,Sub5_Trial300_1,1,3,3,81.275319,False,0.798
5,300,4,m,20,23-May-2016,Sub5_Trial300_1,1,4,4,107.155718,False,0.798
5,300,4,m,20,23-May-2016,Sub5_Trial300_1,1,5,5,-7.823339000000001,False,0.798
5,300,4,m,20,23-May-2016,Sub5_Trial300_1,1,6,6,-86.380708,False,0.798
5,301,4,m,20,23-May-2016,Sub5_Trial301_0,0,0,0,-61.112927,False,0.612
5,301,4,m,20,23-May-2016,Sub5_Trial301_0,0,1,1,-19.422846,False,0.612
5,301,4,m,20,23-May-2016,Sub5_Trial301_0,0,2,2,-30.623944,False,0.612
5,301,4,m,20,23-May-2016,Sub5_Trial301_0,0,3,3,-38.958082,False,0.612
5,301,4,m,20,23-May-2016,Sub5_Trial301_0,0,4,4,140.556256,False,0.612
5,301,4,m,20,23-May-2016,Sub5_Trial301_0,0,5,5,-92.727467,False,0.612
5,301,4,m,20,23-May-2016,Sub5_Trial301_0,0,6,6,-76.894554,False,0.612
5,301,4,m,20,23-May-2016,Sub5_Trial301_1,1,0,0,-23.164134000000004,True,0.612
5,301,4,m,20,23-May-2016,Sub5_Trial301_1,1,1,1,48.27215,True,0.612
5,301,4,m,20,23-May-2016,Sub5_Trial301_1,1,2,2,-27.980576999999997,True,0.612
5,301,4,m,20,23-May-2016,Sub5_Trial301_1,1,3,3,-32.182816,True,0.612
5,301,4,m,20,23-May-2016,Sub5_Trial301_1,1,4,4,-72.743962,True,0.612
5,301,4,m,20,23-May-2016,Sub5_Trial301_1,1,5,5,62.529698,True,0.612
5,301,4,m,20,23-May-2016,Sub5_Trial301_1,1,6,6,26.703834,True,0.612
5,302,4,m,20,23-May-2016,Sub5_Trial302_0,0,0,0,54.824273000000005,True,0.575
5,302,4,m,20,23-May-2016,Sub5_Trial302_0,0,1,1,-83.418688,True,0.575
5,302,4,m,20,23-May-2016,Sub5_Trial302_0,0,2,2,27.989787,True,0.575
5,302,4,m,20,23-May-2016,Sub5_Trial302_0,0,3,3,-2.8307269999999995,True,0.575
5,302,4,m,20,23-May-2016,Sub5_Trial302_0,0,4,4,83.594156,True,0.575
5,302,4,m,20,23-May-2016,Sub5_Trial302_0,0,5,5,-23.498196,True,0.575
5,302,4,m,20,23-May-2016,Sub5_Trial302_0,0,6,6,-39.706358,True,0.575
5,302,4,m,20,23-May-2016,Sub5_Trial302_1,1,0,0,82.42477,False,0.575
5,302,4,m,20,23-May-2016,Sub5_Trial302_1,1,1,1,-3.5790760000000006,False,0.575
5,302,4,m,20,23-May-2016,Sub5_Trial302_1,1,2,2,-80.61375,False,0.575
5,302,4,m,20,23-May-2016,Sub5_Trial302_1,1,3,3,-42.994369,False,0.575
5,302,4,m,20,23-May-2016,Sub5_Trial302_1,1,4,4,-26.797677,False,0.575
5,302,4,m,20,23-May-2016,Sub5_Trial302_1,1,5,5,-85.846139,False,0.575
5,302,4,m,20,23-May-2016,Sub5_Trial302_1,1,6,6,-126.221226,False,0.575
5,303,4,m,20,23-May-2016,Sub5_Trial303_0,0,0,0,65.58534,False,0.773
5,303,4,m,20,23-May-2016,Sub5_Trial303_0,0,1,1,-24.716351000000003,False,0.773
5,303,4,m,20,23-May-2016,Sub5_Trial303_0,0,2,2,82.121979,False,0.773
5,303,4,m,20,23-May-2016,Sub5_Trial303_0,0,3,3,44.413072,False,0.773
5,303,4,m,20,23-May-2016,Sub5_Trial303_0,0,4,4,12.789367,False,0.773
5,303,4,m,20,23-May-2016,Sub5_Trial303_0,0,5,5,45.282092,False,0.773
5,303,4,m,20,23-May-2016,Sub5_Trial303_0,0,6,6,-23.243075000000005,False,0.773
5,303,4,m,20,23-May-2016,Sub5_Trial303_1,1,0,0,24.139361,True,0.773
5,303,4,m,20,23-May-2016,Sub5_Trial303_1,1,1,1,-13.078494,True,0.773
5,303,4,m,20,23-May-2016,Sub5_Trial303_1,1,2,2,48.475949,True,0.773
5,303,4,m,20,23-May-2016,Sub5_Trial303_1,1,3,3,-76.463734,True,0.773
5,303,4,m,20,23-May-2016,Sub5_Trial303_1,1,4,4,61.016425999999996,True,0.773
5,303,4,m,20,23-May-2016,Sub5_Trial303_1,1,5,5,-27.392397,True,0.773
5,303,4,m,20,23-May-2016,Sub5_Trial303_1,1,6,6,74.794143,True,0.773
5,304,4,m,20,23-May-2016,Sub5_Trial304_0,0,0,0,15.372882,False,0.702
5,304,4,m,20,23-May-2016,Sub5_Trial304_0,0,1,1,94.983794,False,0.702
5,304,4,m,20,23-May-2016,Sub5_Trial304_0,0,2,2,-108.71726699999999,False,0.702
5,304,4,m,20,23-May-2016,Sub5_Trial304_0,0,3,3,-58.12656100000001,False,0.702
5,304,4,m,20,23-May-2016,Sub5_Trial304_0,0,4,4,28.169615,False,0.702
5,304,4,m,20,23-May-2016,Sub5_Trial304_0,0,5,5,-38.690229,False,0.702
5,304,4,m,20,23-May-2016,Sub5_Trial304_0,0,6,6,-32.416848,False,0.702
5,304,4,m,20,23-May-2016,Sub5_Trial304_1,1,0,0,-18.783604,True,0.702
5,304,4,m,20,23-May-2016,Sub5_Trial304_1,1,1,1,-58.187741,True,0.702
5,304,4,m,20,23-May-2016,Sub5_Trial304_1,1,2,2,-87.260591,True,0.702
5,304,4,m,20,23-May-2016,Sub5_Trial304_1,1,3,3,-36.13462,True,0.702
5,304,4,m,20,23-May-2016,Sub5_Trial304_1,1,4,4,13.477074000000002,True,0.702
5,304,4,m,20,23-May-2016,Sub5_Trial304_1,1,5,5,5.562405999999999,True,0.702
5,304,4,m,20,23-May-2016,Sub5_Trial304_1,1,6,6,54.91928899999999,True,0.702
5,305,4,m,20,23-May-2016,Sub5_Trial305_0,0,0,0,-112.105895,True,0.831
5,305,4,m,20,23-May-2016,Sub5_Trial305_0,0,1,1,87.140623,True,0.831
5,305,4,m,20,23-May-2016,Sub5_Trial305_0,0,2,2,-95.921391,True,0.831
5,305,4,m,20,23-May-2016,Sub5_Trial305_0,0,3,3,-38.834283,True,0.831
5,305,4,m,20,23-May-2016,Sub5_Trial305_0,0,4,4,20.260744000000003,True,0.831
5,305,4,m,20,23-May-2016,Sub5_Trial305_0,0,5,5,-20.697967,True,0.831
5,305,4,m,20,23-May-2016,Sub5_Trial305_0,0,6,6,117.80695500000002,True,0.831
5,305,4,m,20,23-May-2016,Sub5_Trial305_1,1,0,0,-56.594480000000004,False,0.831
5,305,4,m,20,23-May-2016,Sub5_Trial305_1,1,1,1,26.431204,False,0.831
5,305,4,m,20,23-May-2016,Sub5_Trial305_1,1,2,2,-34.499863,False,0.831
5,305,4,m,20,23-May-2016,Sub5_Trial305_1,1,3,3,105.773836,False,0.831
5,305,4,m,20,23-May-2016,Sub5_Trial305_1,1,4,4,-69.933041,False,0.831
5,305,4,m,20,23-May-2016,Sub5_Trial305_1,1,5,5,12.063047,False,0.831
5,305,4,m,20,23-May-2016,Sub5_Trial305_1,1,6,6,42.052328,False,0.831
5,306,4,m,20,23-May-2016,Sub5_Trial306_0,0,0,0,-84.729554,True,1.876
5,306,4,m,20,23-May-2016,Sub5_Trial306_0,0,1,1,-48.218076,True,1.876
5,306,4,m,20,23-May-2016,Sub5_Trial306_0,0,2,2,-15.119086,True,1.876
5,306,4,m,20,23-May-2016,Sub5_Trial306_0,0,3,3,30.677461,True,1.876
5,306,4,m,20,23-May-2016,Sub5_Trial306_0,0,4,4,18.400762999999998,True,1.876
5,306,4,m,20,23-May-2016,Sub5_Trial306_0,0,5,5,0.3630810000000011,True,1.876
5,306,4,m,20,23-May-2016,Sub5_Trial306_0,0,6,6,-40.85065,True,1.876
5,306,4,m,20,23-May-2016,Sub5_Trial306_1,1,0,0,7.511638,False,1.876
5,306,4,m,20,23-May-2016,Sub5_Trial306_1,1,1,1,45.731299,False,1.876
5,306,4,m,20,23-May-2016,Sub5_Trial306_1,1,2,2,14.611011,False,1.876
5,306,4,m,20,23-May-2016,Sub5_Trial306_1,1,3,3,95.895446,False,1.876
5,306,4,m,20,23-May-2016,Sub5_Trial306_1,1,4,4,25.597087,False,1.876
5,306,4,m,20,23-May-2016,Sub5_Trial306_1,1,5,5,96.784137,False,1.876
5,306,4,m,20,23-May-2016,Sub5_Trial306_1,1,6,6,-41.731389,False,1.876
5,307,4,m,20,23-May-2016,Sub5_Trial307_0,0,0,0,89.110111,True,5.482
5,307,4,m,20,23-May-2016,Sub5_Trial307_0,0,1,1,56.39509799999999,True,5.482
5,307,4,m,20,23-May-2016,Sub5_Trial307_0,0,2,2,34.680118,True,5.482
5,307,4,m,20,23-May-2016,Sub5_Trial307_0,0,3,3,-107.212869,True,5.482
5,307,4,m,20,23-May-2016,Sub5_Trial307_0,0,4,4,21.714118,True,5.482
5,307,4,m,20,23-May-2016,Sub5_Trial307_0,0,5,5,-12.325379,True,5.482
5,307,4,m,20,23-May-2016,Sub5_Trial307_0,0,6,6,56.52765099999999,True,5.482
5,307,4,m,20,23-May-2016,Sub5_Trial307_1,1,0,0,-38.357103,False,5.482
5,307,4,m,20,23-May-2016,Sub5_Trial307_1,1,1,1,84.054388,False,5.482
5,307,4,m,20,23-May-2016,Sub5_Trial307_1,1,2,2,-82.468709,False,5.482
5,307,4,m,20,23-May-2016,Sub5_Trial307_1,1,3,3,32.096316,False,5.482
5,307,4,m,20,23-May-2016,Sub5_Trial307_1,1,4,4,10.137336,False,5.482
5,307,4,m,20,23-May-2016,Sub5_Trial307_1,1,5,5,10.420188,False,5.482
5,307,4,m,20,23-May-2016,Sub5_Trial307_1,1,6,6,10.160225,False,5.482
5,308,4,m,20,23-May-2016,Sub5_Trial308_0,0,0,0,38.837211,True,0.77
5,308,4,m,20,23-May-2016,Sub5_Trial308_0,0,1,1,-135.373131,True,0.77
5,308,4,m,20,23-May-2016,Sub5_Trial308_0,0,2,2,-0.8346799999999988,True,0.77
5,308,4,m,20,23-May-2016,Sub5_Trial308_0,0,3,3,108.842998,True,0.77
5,308,4,m,20,23-May-2016,Sub5_Trial308_0,0,4,4,-60.135831,True,0.77
5,308,4,m,20,23-May-2016,Sub5_Trial308_0,0,5,5,79.751972,True,0.77
5,308,4,m,20,23-May-2016,Sub5_Trial308_0,0,6,6,-10.406263,True,0.77
5,308,4,m,20,23-May-2016,Sub5_Trial308_1,1,0,0,-99.378525,False,0.77
5,308,4,m,20,23-May-2016,Sub5_Trial308_1,1,1,1,-61.946293,False,0.77
5,308,4,m,20,23-May-2016,Sub5_Trial308_1,1,2,2,13.810105,False,0.77
5,308,4,m,20,23-May-2016,Sub5_Trial308_1,1,3,3,-1.8702080000000016,False,0.77
5,308,4,m,20,23-May-2016,Sub5_Trial308_1,1,4,4,77.347981,False,0.77
5,308,4,m,20,23-May-2016,Sub5_Trial308_1,1,5,5,-59.987922999999995,False,0.77
5,308,4,m,20,23-May-2016,Sub5_Trial308_1,1,6,6,28.353163,False,0.77
5,309,4,m,20,23-May-2016,Sub5_Trial309_0,0,0,0,133.34472,True,0.627
5,309,4,m,20,23-May-2016,Sub5_Trial309_0,0,1,1,-14.606323,True,0.627
5,309,4,m,20,23-May-2016,Sub5_Trial309_0,0,2,2,-36.533885,True,0.627
5,309,4,m,20,23-May-2016,Sub5_Trial309_0,0,3,3,30.023796000000004,True,0.627
5,309,4,m,20,23-May-2016,Sub5_Trial309_0,0,4,4,-41.516206,True,0.627
5,309,4,m,20,23-May-2016,Sub5_Trial309_0,0,5,5,40.371004,True,0.627
5,309,4,m,20,23-May-2016,Sub5_Trial309_0,0,6,6,76.738505,True,0.627
5,309,4,m,20,23-May-2016,Sub5_Trial309_1,1,0,0,-118.514646,False,0.627
5,309,4,m,20,23-May-2016,Sub5_Trial309_1,1,1,1,62.545097,False,0.627
5,309,4,m,20,23-May-2016,Sub5_Trial309_1,1,2,2,103.977062,False,0.627
5,309,4,m,20,23-May-2016,Sub5_Trial309_1,1,3,3,-7.538401999999998,False,0.627
5,309,4,m,20,23-May-2016,Sub5_Trial309_1,1,4,4,118.483914,False,0.627
5,309,4,m,20,23-May-2016,Sub5_Trial309_1,1,5,5,-61.342445,False,0.627
5,309,4,m,20,23-May-2016,Sub5_Trial309_1,1,6,6,-148.675845,False,0.627
5,310,4,m,20,23-May-2016,Sub5_Trial310_0,0,0,0,-123.501177,True,0.667
5,310,4,m,20,23-May-2016,Sub5_Trial310_0,0,1,1,38.626822,True,0.667
5,310,4,m,20,23-May-2016,Sub5_Trial310_0,0,2,2,25.214285000000004,True,0.667
5,310,4,m,20,23-May-2016,Sub5_Trial310_0,0,3,3,-2.2472330000000014,True,0.667
5,310,4,m,20,23-May-2016,Sub5_Trial310_0,0,4,4,-29.088698,True,0.667
5,310,4,m,20,23-May-2016,Sub5_Trial310_0,0,5,5,-26.030552,True,0.667
5,310,4,m,20,23-May-2016,Sub5_Trial310_0,0,6,6,31.893381000000005,True,0.667
5,310,4,m,20,23-May-2016,Sub5_Trial310_1,1,0,0,-20.834305,False,0.667
5,310,4,m,20,23-May-2016,Sub5_Trial310_1,1,1,1,-4.478802000000002,False,0.667
5,310,4,m,20,23-May-2016,Sub5_Trial310_1,1,2,2,8.860672,False,0.667
5,310,4,m,20,23-May-2016,Sub5_Trial310_1,1,3,3,-79.748456,False,0.667
5,310,4,m,20,23-May-2016,Sub5_Trial310_1,1,4,4,151.020837,False,0.667
5,310,4,m,20,23-May-2016,Sub5_Trial310_1,1,5,5,-95.932804,False,0.667
5,310,4,m,20,23-May-2016,Sub5_Trial310_1,1,6,6,-19.852516,False,0.667
5,311,4,m,20,23-May-2016,Sub5_Trial311_0,0,0,0,2.986547999999999,True,0.785
5,311,4,m,20,23-May-2016,Sub5_Trial311_0,0,1,1,112.848581,True,0.785
5,311,4,m,20,23-May-2016,Sub5_Trial311_0,0,2,2,-60.618831,True,0.785
5,311,4,m,20,23-May-2016,Sub5_Trial311_0,0,3,3,-73.821797,True,0.785
5,311,4,m,20,23-May-2016,Sub5_Trial311_0,0,4,4,129.147745,True,0.785
5,311,4,m,20,23-May-2016,Sub5_Trial311_0,0,5,5,49.235746,True,0.785
5,311,4,m,20,23-May-2016,Sub5_Trial311_0,0,6,6,24.727547,True,0.785
5,311,4,m,20,23-May-2016,Sub5_Trial311_1,1,0,0,-90.139212,False,0.785
5,311,4,m,20,23-May-2016,Sub5_Trial311_1,1,1,1,-21.53447,False,0.785
5,311,4,m,20,23-May-2016,Sub5_Trial311_1,1,2,2,-16.862486,False,0.785
5,311,4,m,20,23-May-2016,Sub5_Trial311_1,1,3,3,15.231899999999996,False,0.785
5,311,4,m,20,23-May-2016,Sub5_Trial311_1,1,4,4,16.654809999999998,False,0.785
5,311,4,m,20,23-May-2016,Sub5_Trial311_1,1,5,5,-34.693265,False,0.785
5,311,4,m,20,23-May-2016,Sub5_Trial311_1,1,6,6,-16.630622,False,0.785
5,312,4,m,20,23-May-2016,Sub5_Trial312_0,0,0,0,-40.065746,True,0.819
5,312,4,m,20,23-May-2016,Sub5_Trial312_0,0,1,1,66.955392,True,0.819
5,312,4,m,20,23-May-2016,Sub5_Trial312_0,0,2,2,-10.961991,True,0.819
5,312,4,m,20,23-May-2016,Sub5_Trial312_0,0,3,3,-23.234946,True,0.819
5,312,4,m,20,23-May-2016,Sub5_Trial312_0,0,4,4,-64.584303,True,0.819
5,312,4,m,20,23-May-2016,Sub5_Trial312_0,0,5,5,-87.590581,True,0.819
5,312,4,m,20,23-May-2016,Sub5_Trial312_0,0,6,6,-70.745159,True,0.819
5,312,4,m,20,23-May-2016,Sub5_Trial312_1,1,0,0,37.658825,False,0.819
5,312,4,m,20,23-May-2016,Sub5_Trial312_1,1,1,1,11.692099,False,0.819
5,312,4,m,20,23-May-2016,Sub5_Trial312_1,1,2,2,-63.840383,False,0.819
5,312,4,m,20,23-May-2016,Sub5_Trial312_1,1,3,3,34.056474,False,0.819
5,312,4,m,20,23-May-2016,Sub5_Trial312_1,1,4,4,37.74087,False,0.819
5,312,4,m,20,23-May-2016,Sub5_Trial312_1,1,5,5,-131.684347,False,0.819
5,312,4,m,20,23-May-2016,Sub5_Trial312_1,1,6,6,-80.614082,False,0.819
5,313,4,m,20,23-May-2016,Sub5_Trial313_0,0,0,0,134.232075,True,1.144
5,313,4,m,20,23-May-2016,Sub5_Trial313_0,0,1,1,-25.870986000000002,True,1.144
5,313,4,m,20,23-May-2016,Sub5_Trial313_0,0,2,2,-13.736734999999996,True,1.144
5,313,4,m,20,23-May-2016,Sub5_Trial313_0,0,3,3,35.838209,True,1.144
5,313,4,m,20,23-May-2016,Sub5_Trial313_0,0,4,4,84.73932,True,1.144
5,313,4,m,20,23-May-2016,Sub5_Trial313_0,0,5,5,37.308283,True,1.144
5,313,4,m,20,23-May-2016,Sub5_Trial313_0,0,6,6,-84.422778,True,1.144
5,313,4,m,20,23-May-2016,Sub5_Trial313_1,1,0,0,89.865863,False,1.144
5,313,4,m,20,23-May-2016,Sub5_Trial313_1,1,1,1,67.69656,False,1.144
5,313,4,m,20,23-May-2016,Sub5_Trial313_1,1,2,2,57.186178,False,1.144
5,313,4,m,20,23-May-2016,Sub5_Trial313_1,1,3,3,-39.365536,False,1.144
5,313,4,m,20,23-May-2016,Sub5_Trial313_1,1,4,4,48.538138000000004,False,1.144
5,313,4,m,20,23-May-2016,Sub5_Trial313_1,1,5,5,-76.461757,False,1.144
5,313,4,m,20,23-May-2016,Sub5_Trial313_1,1,6,6,-43.042125,False,1.144
5,314,4,m,20,23-May-2016,Sub5_Trial314_0,0,0,0,-51.671116,False,0.93
5,314,4,m,20,23-May-2016,Sub5_Trial314_0,0,1,1,-90.750255,False,0.93
5,314,4,m,20,23-May-2016,Sub5_Trial314_0,0,2,2,-47.92396,False,0.93
5,314,4,m,20,23-May-2016,Sub5_Trial314_0,0,3,3,131.940292,False,0.93
5,314,4,m,20,23-May-2016,Sub5_Trial314_0,0,4,4,-24.508223,False,0.93
5,314,4,m,20,23-May-2016,Sub5_Trial314_0,0,5,5,-69.673442,False,0.93
5,314,4,m,20,23-May-2016,Sub5_Trial314_0,0,6,6,52.135238,False,0.93
5,314,4,m,20,23-May-2016,Sub5_Trial314_1,1,0,0,-18.630297,True,0.93
5,314,4,m,20,23-May-2016,Sub5_Trial314_1,1,1,1,-89.895589,True,0.93
5,314,4,m,20,23-May-2016,Sub5_Trial314_1,1,2,2,-27.676727999999997,True,0.93
5,314,4,m,20,23-May-2016,Sub5_Trial314_1,1,3,3,38.445178,True,0.93
5,314,4,m,20,23-May-2016,Sub5_Trial314_1,1,4,4,-32.911492,True,0.93
5,314,4,m,20,23-May-2016,Sub5_Trial314_1,1,5,5,66.520513,True,0.93
5,314,4,m,20,23-May-2016,Sub5_Trial314_1,1,6,6,94.343922,True,0.93
5,315,4,m,20,23-May-2016,Sub5_Trial315_0,0,0,0,-110.014505,True,1.223
5,315,4,m,20,23-May-2016,Sub5_Trial315_0,0,1,1,-32.409289,True,1.223
5,315,4,m,20,23-May-2016,Sub5_Trial315_0,0,2,2,-52.671064,True,1.223
5,315,4,m,20,23-May-2016,Sub5_Trial315_0,0,3,3,101.033315,True,1.223
5,315,4,m,20,23-May-2016,Sub5_Trial315_0,0,4,4,-19.429129,True,1.223
5,315,4,m,20,23-May-2016,Sub5_Trial315_0,0,5,5,107.007995,True,1.223
5,315,4,m,20,23-May-2016,Sub5_Trial315_0,0,6,6,82.482082,True,1.223
5,315,4,m,20,23-May-2016,Sub5_Trial315_1,1,0,0,105.694032,False,1.223
5,315,4,m,20,23-May-2016,Sub5_Trial315_1,1,1,1,-42.762319,False,1.223
5,315,4,m,20,23-May-2016,Sub5_Trial315_1,1,2,2,-7.903852999999998,False,1.223
5,315,4,m,20,23-May-2016,Sub5_Trial315_1,1,3,3,-23.289536999999996,False,1.223
5,315,4,m,20,23-May-2016,Sub5_Trial315_1,1,4,4,56.624371,False,1.223
5,315,4,m,20,23-May-2016,Sub5_Trial315_1,1,5,5,-11.763092999999998,False,1.223
5,315,4,m,20,23-May-2016,Sub5_Trial315_1,1,6,6,-27.773921,False,1.223
5,316,4,m,20,23-May-2016,Sub5_Trial316_0,0,0,0,44.029319,True,1.19
5,316,4,m,20,23-May-2016,Sub5_Trial316_0,0,1,1,30.905676,True,1.19
5,316,4,m,20,23-May-2016,Sub5_Trial316_0,0,2,2,70.271723,True,1.19
5,316,4,m,20,23-May-2016,Sub5_Trial316_0,0,3,3,-13.508608,True,1.19
5,316,4,m,20,23-May-2016,Sub5_Trial316_0,0,4,4,-58.994438,True,1.19
5,316,4,m,20,23-May-2016,Sub5_Trial316_0,0,5,5,28.198266000000004,True,1.19
5,316,4,m,20,23-May-2016,Sub5_Trial316_0,0,6,6,88.990725,True,1.19
5,316,4,m,20,23-May-2016,Sub5_Trial316_1,1,0,0,110.531365,False,1.19
5,316,4,m,20,23-May-2016,Sub5_Trial316_1,1,1,1,112.430029,False,1.19
5,316,4,m,20,23-May-2016,Sub5_Trial316_1,1,2,2,46.648451,False,1.19
5,316,4,m,20,23-May-2016,Sub5_Trial316_1,1,3,3,13.725236,False,1.19
5,316,4,m,20,23-May-2016,Sub5_Trial316_1,1,4,4,14.141966,False,1.19
5,316,4,m,20,23-May-2016,Sub5_Trial316_1,1,5,5,33.411222,False,1.19
5,316,4,m,20,23-May-2016,Sub5_Trial316_1,1,6,6,13.306729,False,1.19
5,317,4,m,20,23-May-2016,Sub5_Trial317_0,0,0,0,113.943309,False,3.889
5,317,4,m,20,23-May-2016,Sub5_Trial317_0,0,1,1,62.933549,False,3.889
5,317,4,m,20,23-May-2016,Sub5_Trial317_0,0,2,2,-46.559714,False,3.889
5,317,4,m,20,23-May-2016,Sub5_Trial317_0,0,3,3,16.416976,False,3.889
5,317,4,m,20,23-May-2016,Sub5_Trial317_0,0,4,4,-27.035449,False,3.889
5,317,4,m,20,23-May-2016,Sub5_Trial317_0,0,5,5,9.949289999999998,False,3.889
5,317,4,m,20,23-May-2016,Sub5_Trial317_0,0,6,6,-60.299504,False,3.889
5,317,4,m,20,23-May-2016,Sub5_Trial317_1,1,0,0,73.209809,True,3.889
5,317,4,m,20,23-May-2016,Sub5_Trial317_1,1,1,1,35.241175,True,3.889
5,317,4,m,20,23-May-2016,Sub5_Trial317_1,1,2,2,15.674125,True,3.889
5,317,4,m,20,23-May-2016,Sub5_Trial317_1,1,3,3,-106.236746,True,3.889
5,317,4,m,20,23-May-2016,Sub5_Trial317_1,1,4,4,-92.938217,True,3.889
5,317,4,m,20,23-May-2016,Sub5_Trial317_1,1,5,5,-9.724431,True,3.889
5,317,4,m,20,23-May-2016,Sub5_Trial317_1,1,6,6,-16.797399999999996,True,3.889
5,318,4,m,20,23-May-2016,Sub5_Trial318_0,0,0,0,148.92821,True,0.765
5,318,4,m,20,23-May-2016,Sub5_Trial318_0,0,1,1,37.16196,True,0.765
5,318,4,m,20,23-May-2016,Sub5_Trial318_0,0,2,2,-42.892642,True,0.765
5,318,4,m,20,23-May-2016,Sub5_Trial318_0,0,3,3,85.551022,True,0.765
5,318,4,m,20,23-May-2016,Sub5_Trial318_0,0,4,4,9.818476,True,0.765
5,318,4,m,20,23-May-2016,Sub5_Trial318_0,0,5,5,9.410543,True,0.765
5,318,4,m,20,23-May-2016,Sub5_Trial318_0,0,6,6,76.333655,True,0.765
5,318,4,m,20,23-May-2016,Sub5_Trial318_1,1,0,0,-23.780594,False,0.765
5,318,4,m,20,23-May-2016,Sub5_Trial318_1,1,1,1,63.621134,False,0.765
5,318,4,m,20,23-May-2016,Sub5_Trial318_1,1,2,2,-46.366804,False,0.765
5,318,4,m,20,23-May-2016,Sub5_Trial318_1,1,3,3,22.738704,False,0.765
5,318,4,m,20,23-May-2016,Sub5_Trial318_1,1,4,4,19.390218,False,0.765
5,318,4,m,20,23-May-2016,Sub5_Trial318_1,1,5,5,-85.075109,False,0.765
5,318,4,m,20,23-May-2016,Sub5_Trial318_1,1,6,6,69.618412,False,0.765
5,319,4,m,20,23-May-2016,Sub5_Trial319_0,0,0,0,-6.993492,True,0.782
5,319,4,m,20,23-May-2016,Sub5_Trial319_0,0,1,1,35.911162,True,0.782
5,319,4,m,20,23-May-2016,Sub5_Trial319_0,0,2,2,-4.409942000000001,True,0.782
5,319,4,m,20,23-May-2016,Sub5_Trial319_0,0,3,3,-73.886281,True,0.782
5,319,4,m,20,23-May-2016,Sub5_Trial319_0,0,4,4,67.490042,True,0.782
5,319,4,m,20,23-May-2016,Sub5_Trial319_0,0,5,5,-29.024721,True,0.782
5,319,4,m,20,23-May-2016,Sub5_Trial319_0,0,6,6,-115.096146,True,0.782
5,319,4,m,20,23-May-2016,Sub5_Trial319_1,1,0,0,107.724843,False,0.782
5,319,4,m,20,23-May-2016,Sub5_Trial319_1,1,1,1,36.767271,False,0.782
5,319,4,m,20,23-May-2016,Sub5_Trial319_1,1,2,2,34.510104,False,0.782
5,319,4,m,20,23-May-2016,Sub5_Trial319_1,1,3,3,-24.967579999999998,False,0.782
5,319,4,m,20,23-May-2016,Sub5_Trial319_1,1,4,4,97.220969,False,0.782
5,319,4,m,20,23-May-2016,Sub5_Trial319_1,1,5,5,-80.940635,False,0.782
5,319,4,m,20,23-May-2016,Sub5_Trial319_1,1,6,6,15.318229,False,0.782
5,320,4,m,20,23-May-2016,Sub5_Trial320_0,0,0,0,-39.610959,True,0.71
5,320,4,m,20,23-May-2016,Sub5_Trial320_0,0,1,1,-15.000617,True,0.71
5,320,4,m,20,23-May-2016,Sub5_Trial320_0,0,2,2,-6.0348299999999995,True,0.71
5,320,4,m,20,23-May-2016,Sub5_Trial320_0,0,3,3,-77.010337,True,0.71
5,320,4,m,20,23-May-2016,Sub5_Trial320_0,0,4,4,-27.812672,True,0.71
5,320,4,m,20,23-May-2016,Sub5_Trial320_0,0,5,5,-45.677421,True,0.71
5,320,4,m,20,23-May-2016,Sub5_Trial320_0,0,6,6,-152.712945,True,0.71
5,320,4,m,20,23-May-2016,Sub5_Trial320_1,1,0,0,-14.20854,False,0.71
5,320,4,m,20,23-May-2016,Sub5_Trial320_1,1,1,1,9.731106,False,0.71
5,320,4,m,20,23-May-2016,Sub5_Trial320_1,1,2,2,83.994449,False,0.71
5,320,4,m,20,23-May-2016,Sub5_Trial320_1,1,3,3,2.307214000000002,False,0.71
5,320,4,m,20,23-May-2016,Sub5_Trial320_1,1,4,4,-66.162021,False,0.71
5,320,4,m,20,23-May-2016,Sub5_Trial320_1,1,5,5,-24.114721000000003,False,0.71
5,320,4,m,20,23-May-2016,Sub5_Trial320_1,1,6,6,-3.8447120000000012,False,0.71
5,321,4,m,20,23-May-2016,Sub5_Trial321_0,0,0,0,-67.450806,False,1.167
5,321,4,m,20,23-May-2016,Sub5_Trial321_0,0,1,1,126.152968,False,1.167
5,321,4,m,20,23-May-2016,Sub5_Trial321_0,0,2,2,-68.165962,False,1.167
5,321,4,m,20,23-May-2016,Sub5_Trial321_0,0,3,3,-95.957405,False,1.167
5,321,4,m,20,23-May-2016,Sub5_Trial321_0,0,4,4,-27.931607,False,1.167
5,321,4,m,20,23-May-2016,Sub5_Trial321_0,0,5,5,12.474404,False,1.167
5,321,4,m,20,23-May-2016,Sub5_Trial321_0,0,6,6,-25.386544,False,1.167
5,321,4,m,20,23-May-2016,Sub5_Trial321_1,1,0,0,-3.5598449999999993,True,1.167
5,321,4,m,20,23-May-2016,Sub5_Trial321_1,1,1,1,8.336676,True,1.167
5,321,4,m,20,23-May-2016,Sub5_Trial321_1,1,2,2,61.177043,True,1.167
5,321,4,m,20,23-May-2016,Sub5_Trial321_1,1,3,3,-68.253323,True,1.167
5,321,4,m,20,23-May-2016,Sub5_Trial321_1,1,4,4,-79.69093,True,1.167
5,321,4,m,20,23-May-2016,Sub5_Trial321_1,1,5,5,57.38321500000001,True,1.167
5,321,4,m,20,23-May-2016,Sub5_Trial321_1,1,6,6,91.644194,True,1.167
5,322,4,m,20,23-May-2016,Sub5_Trial322_0,0,0,0,78.258656,False,0.981
5,322,4,m,20,23-May-2016,Sub5_Trial322_0,0,1,1,-28.18308,False,0.981
5,322,4,m,20,23-May-2016,Sub5_Trial322_0,0,2,2,39.320113,False,0.981
5,322,4,m,20,23-May-2016,Sub5_Trial322_0,0,3,3,-43.441588,False,0.981
5,322,4,m,20,23-May-2016,Sub5_Trial322_0,0,4,4,-47.04368,False,0.981
5,322,4,m,20,23-May-2016,Sub5_Trial322_0,0,5,5,-116.579411,False,0.981
5,322,4,m,20,23-May-2016,Sub5_Trial322_0,0,6,6,-5.332245,False,0.981
5,322,4,m,20,23-May-2016,Sub5_Trial322_1,1,0,0,-24.660757000000004,True,0.981
5,322,4,m,20,23-May-2016,Sub5_Trial322_1,1,1,1,-42.295323,True,0.981
5,322,4,m,20,23-May-2016,Sub5_Trial322_1,1,2,2,40.576403,True,0.981
5,322,4,m,20,23-May-2016,Sub5_Trial322_1,1,3,3,-93.401777,True,0.981
5,322,4,m,20,23-May-2016,Sub5_Trial322_1,1,4,4,0.5250689999999985,True,0.981
5,322,4,m,20,23-May-2016,Sub5_Trial322_1,1,5,5,37.227109,True,0.981
5,322,4,m,20,23-May-2016,Sub5_Trial322_1,1,6,6,-21.285612,True,0.981
5,323,4,m,20,23-May-2016,Sub5_Trial323_0,0,0,0,-40.839543,False,0.845
5,323,4,m,20,23-May-2016,Sub5_Trial323_0,0,1,1,-58.058042,False,0.845
5,323,4,m,20,23-May-2016,Sub5_Trial323_0,0,2,2,-44.195840000000004,False,0.845
5,323,4,m,20,23-May-2016,Sub5_Trial323_0,0,3,3,101.144906,False,0.845
5,323,4,m,20,23-May-2016,Sub5_Trial323_0,0,4,4,2.876227,False,0.845
5,323,4,m,20,23-May-2016,Sub5_Trial323_0,0,5,5,-47.732237999999995,False,0.845
5,323,4,m,20,23-May-2016,Sub5_Trial323_0,0,6,6,30.531474,False,0.845
5,323,4,m,20,23-May-2016,Sub5_Trial323_1,1,0,0,91.391834,True,0.845
5,323,4,m,20,23-May-2016,Sub5_Trial323_1,1,1,1,-7.322749,True,0.845
5,323,4,m,20,23-May-2016,Sub5_Trial323_1,1,2,2,58.698041,True,0.845
5,323,4,m,20,23-May-2016,Sub5_Trial323_1,1,3,3,22.311022,True,0.845
5,323,4,m,20,23-May-2016,Sub5_Trial323_1,1,4,4,-111.357694,True,0.845
5,323,4,m,20,23-May-2016,Sub5_Trial323_1,1,5,5,44.57759,True,0.845
5,323,4,m,20,23-May-2016,Sub5_Trial323_1,1,6,6,12.994841000000001,True,0.845
5,324,4,m,20,23-May-2016,Sub5_Trial324_0,0,0,0,-40.862284,True,1.349
5,324,4,m,20,23-May-2016,Sub5_Trial324_0,0,1,1,80.035919,True,1.349
5,324,4,m,20,23-May-2016,Sub5_Trial324_0,0,2,2,116.973344,True,1.349
5,324,4,m,20,23-May-2016,Sub5_Trial324_0,0,3,3,8.914988,True,1.349
5,324,4,m,20,23-May-2016,Sub5_Trial324_0,0,4,4,52.951799,True,1.349
5,324,4,m,20,23-May-2016,Sub5_Trial324_0,0,5,5,60.106071,True,1.349
5,324,4,m,20,23-May-2016,Sub5_Trial324_0,0,6,6,-21.674688000000003,True,1.349
5,324,4,m,20,23-May-2016,Sub5_Trial324_1,1,0,0,44.922034,False,1.349
5,324,4,m,20,23-May-2016,Sub5_Trial324_1,1,1,1,10.699344,False,1.349
5,324,4,m,20,23-May-2016,Sub5_Trial324_1,1,2,2,-57.913333,False,1.349
5,324,4,m,20,23-May-2016,Sub5_Trial324_1,1,3,3,8.799047999999999,False,1.349
5,324,4,m,20,23-May-2016,Sub5_Trial324_1,1,4,4,-22.501583,False,1.349
5,324,4,m,20,23-May-2016,Sub5_Trial324_1,1,5,5,8.686239,False,1.349
5,324,4,m,20,23-May-2016,Sub5_Trial324_1,1,6,6,-32.959979,False,1.349
5,325,4,m,20,23-May-2016,Sub5_Trial325_0,0,0,0,32.191122,True,0.735
5,325,4,m,20,23-May-2016,Sub5_Trial325_0,0,1,1,-14.77947,True,0.735
5,325,4,m,20,23-May-2016,Sub5_Trial325_0,0,2,2,-4.063276999999999,True,0.735
5,325,4,m,20,23-May-2016,Sub5_Trial325_0,0,3,3,49.91041200000001,True,0.735
5,325,4,m,20,23-May-2016,Sub5_Trial325_0,0,4,4,63.739885,True,0.735
5,325,4,m,20,23-May-2016,Sub5_Trial325_0,0,5,5,-60.925586,True,0.735
5,325,4,m,20,23-May-2016,Sub5_Trial325_0,0,6,6,14.091126000000003,True,0.735
5,325,4,m,20,23-May-2016,Sub5_Trial325_1,1,0,0,92.677261,False,0.735
5,325,4,m,20,23-May-2016,Sub5_Trial325_1,1,1,1,-107.465553,False,0.735
5,325,4,m,20,23-May-2016,Sub5_Trial325_1,1,2,2,110.982868,False,0.735
5,325,4,m,20,23-May-2016,Sub5_Trial325_1,1,3,3,57.87738,False,0.735
5,325,4,m,20,23-May-2016,Sub5_Trial325_1,1,4,4,-68.52487,False,0.735
5,325,4,m,20,23-May-2016,Sub5_Trial325_1,1,5,5,-42.109472,False,0.735
5,325,4,m,20,23-May-2016,Sub5_Trial325_1,1,6,6,81.139241,False,0.735
5,326,4,m,20,23-May-2016,Sub5_Trial326_0,0,0,0,53.99177,False,1.695
5,326,4,m,20,23-May-2016,Sub5_Trial326_0,0,1,1,33.021046,False,1.695
5,326,4,m,20,23-May-2016,Sub5_Trial326_0,0,2,2,-138.759485,False,1.695
5,326,4,m,20,23-May-2016,Sub5_Trial326_0,0,3,3,31.70263,False,1.695
5,326,4,m,20,23-May-2016,Sub5_Trial326_0,0,4,4,-91.424502,False,1.695
5,326,4,m,20,23-May-2016,Sub5_Trial326_0,0,5,5,40.141145,False,1.695
5,326,4,m,20,23-May-2016,Sub5_Trial326_0,0,6,6,-44.341656,False,1.695
5,326,4,m,20,23-May-2016,Sub5_Trial326_1,1,0,0,26.030728,True,1.695
5,326,4,m,20,23-May-2016,Sub5_Trial326_1,1,1,1,53.493127,True,1.695
5,326,4,m,20,23-May-2016,Sub5_Trial326_1,1,2,2,30.628313,True,1.695
5,326,4,m,20,23-May-2016,Sub5_Trial326_1,1,3,3,-23.504631000000003,True,1.695
5,326,4,m,20,23-May-2016,Sub5_Trial326_1,1,4,4,146.520441,True,1.695
5,326,4,m,20,23-May-2016,Sub5_Trial326_1,1,5,5,63.260218,True,1.695
5,326,4,m,20,23-May-2016,Sub5_Trial326_1,1,6,6,-74.221591,True,1.695
5,327,4,m,20,23-May-2016,Sub5_Trial327_0,0,0,0,59.993153,False,1.519
5,327,4,m,20,23-May-2016,Sub5_Trial327_0,0,1,1,77.730314,False,1.519
5,327,4,m,20,23-May-2016,Sub5_Trial327_0,0,2,2,44.937821,False,1.519
5,327,4,m,20,23-May-2016,Sub5_Trial327_0,0,3,3,50.498324,False,1.519
5,327,4,m,20,23-May-2016,Sub5_Trial327_0,0,4,4,31.331416,False,1.519
5,327,4,m,20,23-May-2016,Sub5_Trial327_0,0,5,5,45.455863,False,1.519
5,327,4,m,20,23-May-2016,Sub5_Trial327_0,0,6,6,-38.779647,False,1.519
5,327,4,m,20,23-May-2016,Sub5_Trial327_1,1,0,0,-4.441403000000001,True,1.519
5,327,4,m,20,23-May-2016,Sub5_Trial327_1,1,1,1,-60.957098,True,1.519
5,327,4,m,20,23-May-2016,Sub5_Trial327_1,1,2,2,-53.015968,True,1.519
5,327,4,m,20,23-May-2016,Sub5_Trial327_1,1,3,3,44.375484,True,1.519
5,327,4,m,20,23-May-2016,Sub5_Trial327_1,1,4,4,-84.526113,True,1.519
5,327,4,m,20,23-May-2016,Sub5_Trial327_1,1,5,5,14.496442000000002,True,1.519
5,327,4,m,20,23-May-2016,Sub5_Trial327_1,1,6,6,118.07167900000002,True,1.519
5,328,4,m,20,23-May-2016,Sub5_Trial328_0,0,0,0,-69.111,True,0.854
5,328,4,m,20,23-May-2016,Sub5_Trial328_0,0,1,1,-19.260515,True,0.854
5,328,4,m,20,23-May-2016,Sub5_Trial328_0,0,2,2,126.36485399999998,True,0.854
5,328,4,m,20,23-May-2016,Sub5_Trial328_0,0,3,3,37.899181,True,0.854
5,328,4,m,20,23-May-2016,Sub5_Trial328_0,0,4,4,-10.096066,True,0.854
5,328,4,m,20,23-May-2016,Sub5_Trial328_0,0,5,5,29.015785,True,0.854
5,328,4,m,20,23-May-2016,Sub5_Trial328_0,0,6,6,138.146935,True,0.854
5,328,4,m,20,23-May-2016,Sub5_Trial328_1,1,0,0,61.560144,False,0.854
5,328,4,m,20,23-May-2016,Sub5_Trial328_1,1,1,1,-98.517778,False,0.854
5,328,4,m,20,23-May-2016,Sub5_Trial328_1,1,2,2,-73.971127,False,0.854
5,328,4,m,20,23-May-2016,Sub5_Trial328_1,1,3,3,-53.825529,False,0.854
5,328,4,m,20,23-May-2016,Sub5_Trial328_1,1,4,4,4.320302,False,0.854
5,328,4,m,20,23-May-2016,Sub5_Trial328_1,1,5,5,-42.079714,False,0.854
5,328,4,m,20,23-May-2016,Sub5_Trial328_1,1,6,6,15.43104,False,0.854
5,329,4,m,20,23-May-2016,Sub5_Trial329_0,0,0,0,71.653986,True,0.707
5,329,4,m,20,23-May-2016,Sub5_Trial329_0,0,1,1,26.457392999999996,True,0.707
5,329,4,m,20,23-May-2016,Sub5_Trial329_0,0,2,2,-72.244524,True,0.707
5,329,4,m,20,23-May-2016,Sub5_Trial329_0,0,3,3,42.347502,True,0.707
5,329,4,m,20,23-May-2016,Sub5_Trial329_0,0,4,4,1.124402,True,0.707
5,329,4,m,20,23-May-2016,Sub5_Trial329_0,0,5,5,130.107604,True,0.707
5,329,4,m,20,23-May-2016,Sub5_Trial329_0,0,6,6,-108.958945,True,0.707
5,329,4,m,20,23-May-2016,Sub5_Trial329_1,1,0,0,41.772987,False,0.707
5,329,4,m,20,23-May-2016,Sub5_Trial329_1,1,1,1,48.618152,False,0.707
5,329,4,m,20,23-May-2016,Sub5_Trial329_1,1,2,2,42.792288,False,0.707
5,329,4,m,20,23-May-2016,Sub5_Trial329_1,1,3,3,-55.34898200000001,False,0.707
5,329,4,m,20,23-May-2016,Sub5_Trial329_1,1,4,4,71.895427,False,0.707
5,329,4,m,20,23-May-2016,Sub5_Trial329_1,1,5,5,-51.113282999999996,False,0.707
5,329,4,m,20,23-May-2016,Sub5_Trial329_1,1,6,6,-55.62502599999999,False,0.707
5,330,4,m,20,23-May-2016,Sub5_Trial330_0,0,0,0,-21.303263,True,0.876
5,330,4,m,20,23-May-2016,Sub5_Trial330_0,0,1,1,112.770344,True,0.876
5,330,4,m,20,23-May-2016,Sub5_Trial330_0,0,2,2,136.453078,True,0.876
5,330,4,m,20,23-May-2016,Sub5_Trial330_0,0,3,3,-33.807302,True,0.876
5,330,4,m,20,23-May-2016,Sub5_Trial330_0,0,4,4,-65.740882,True,0.876
5,330,4,m,20,23-May-2016,Sub5_Trial330_0,0,5,5,55.062779,True,0.876
5,330,4,m,20,23-May-2016,Sub5_Trial330_0,0,6,6,-11.027728,True,0.876
5,330,4,m,20,23-May-2016,Sub5_Trial330_1,1,0,0,-119.161211,False,0.876
5,330,4,m,20,23-May-2016,Sub5_Trial330_1,1,1,1,122.569592,False,0.876
5,330,4,m,20,23-May-2016,Sub5_Trial330_1,1,2,2,-28.692785,False,0.876
5,330,4,m,20,23-May-2016,Sub5_Trial330_1,1,3,3,-10.993323,False,0.876
5,330,4,m,20,23-May-2016,Sub5_Trial330_1,1,4,4,-58.615071,False,0.876
5,330,4,m,20,23-May-2016,Sub5_Trial330_1,1,5,5,-34.657526,False,0.876
5,330,4,m,20,23-May-2016,Sub5_Trial330_1,1,6,6,13.801135000000002,False,0.876
5,331,4,m,20,23-May-2016,Sub5_Trial331_0,0,0,0,37.220886,True,1.067
5,331,4,m,20,23-May-2016,Sub5_Trial331_0,0,1,1,-145.169365,True,1.067
5,331,4,m,20,23-May-2016,Sub5_Trial331_0,0,2,2,-77.376713,True,1.067
5,331,4,m,20,23-May-2016,Sub5_Trial331_0,0,3,3,-25.052788,True,1.067
5,331,4,m,20,23-May-2016,Sub5_Trial331_0,0,4,4,25.724004,True,1.067
5,331,4,m,20,23-May-2016,Sub5_Trial331_0,0,5,5,51.340374999999995,True,1.067
5,331,4,m,20,23-May-2016,Sub5_Trial331_0,0,6,6,-20.108709,True,1.067
5,331,4,m,20,23-May-2016,Sub5_Trial331_1,1,0,0,-8.011816,False,1.067
5,331,4,m,20,23-May-2016,Sub5_Trial331_1,1,1,1,-13.586968999999996,False,1.067
5,331,4,m,20,23-May-2016,Sub5_Trial331_1,1,2,2,-47.663633000000004,False,1.067
5,331,4,m,20,23-May-2016,Sub5_Trial331_1,1,3,3,47.292005,False,1.067
5,331,4,m,20,23-May-2016,Sub5_Trial331_1,1,4,4,3.1659429999999986,False,1.067
5,331,4,m,20,23-May-2016,Sub5_Trial331_1,1,5,5,44.688546,False,1.067
5,331,4,m,20,23-May-2016,Sub5_Trial331_1,1,6,6,-51.156244,False,1.067
5,332,4,m,20,23-May-2016,Sub5_Trial332_0,0,0,0,61.516718,True,2.051
5,332,4,m,20,23-May-2016,Sub5_Trial332_0,0,1,1,-2.986412999999999,True,2.051
5,332,4,m,20,23-May-2016,Sub5_Trial332_0,0,2,2,-90.588301,True,2.051
5,332,4,m,20,23-May-2016,Sub5_Trial332_0,0,3,3,36.384552,True,2.051
5,332,4,m,20,23-May-2016,Sub5_Trial332_0,0,4,4,5.944244000000001,True,2.051
5,332,4,m,20,23-May-2016,Sub5_Trial332_0,0,5,5,-15.685086999999996,True,2.051
5,332,4,m,20,23-May-2016,Sub5_Trial332_0,0,6,6,-124.29385500000001,True,2.051
5,332,4,m,20,23-May-2016,Sub5_Trial332_1,1,0,0,16.989255,False,2.051
5,332,4,m,20,23-May-2016,Sub5_Trial332_1,1,1,1,57.164399,False,2.051
5,332,4,m,20,23-May-2016,Sub5_Trial332_1,1,2,2,53.28286800000001,False,2.051
5,332,4,m,20,23-May-2016,Sub5_Trial332_1,1,3,3,29.960901,False,2.051
5,332,4,m,20,23-May-2016,Sub5_Trial332_1,1,4,4,0.27435799999999944,False,2.051
5,332,4,m,20,23-May-2016,Sub5_Trial332_1,1,5,5,-53.727647,False,2.051
5,332,4,m,20,23-May-2016,Sub5_Trial332_1,1,6,6,95.793274,False,2.051
5,333,4,m,20,23-May-2016,Sub5_Trial333_0,0,0,0,85.623447,False,0.845
5,333,4,m,20,23-May-2016,Sub5_Trial333_0,0,1,1,4.217852000000001,False,0.845
5,333,4,m,20,23-May-2016,Sub5_Trial333_0,0,2,2,-19.400290999999996,False,0.845
5,333,4,m,20,23-May-2016,Sub5_Trial333_0,0,3,3,-23.928848000000002,False,0.845
5,333,4,m,20,23-May-2016,Sub5_Trial333_0,0,4,4,-27.230830999999995,False,0.845
5,333,4,m,20,23-May-2016,Sub5_Trial333_0,0,5,5,-34.98876,False,0.845
5,333,4,m,20,23-May-2016,Sub5_Trial333_0,0,6,6,35.118219,False,0.845
5,333,4,m,20,23-May-2016,Sub5_Trial333_1,1,0,0,-59.622849,True,0.845
5,333,4,m,20,23-May-2016,Sub5_Trial333_1,1,1,1,54.078599,True,0.845
5,333,4,m,20,23-May-2016,Sub5_Trial333_1,1,2,2,-71.472773,True,0.845
5,333,4,m,20,23-May-2016,Sub5_Trial333_1,1,3,3,29.175449,True,0.845
5,333,4,m,20,23-May-2016,Sub5_Trial333_1,1,4,4,67.958126,True,0.845
5,333,4,m,20,23-May-2016,Sub5_Trial333_1,1,5,5,-6.426401,True,0.845
5,333,4,m,20,23-May-2016,Sub5_Trial333_1,1,6,6,33.779748,True,0.845
5,334,4,m,20,23-May-2016,Sub5_Trial334_0,0,0,0,17.200934,False,1.648
5,334,4,m,20,23-May-2016,Sub5_Trial334_0,0,1,1,5.571722000000001,False,1.648
5,334,4,m,20,23-May-2016,Sub5_Trial334_0,0,2,2,27.560417,False,1.648
5,334,4,m,20,23-May-2016,Sub5_Trial334_0,0,3,3,-44.466897,False,1.648
5,334,4,m,20,23-May-2016,Sub5_Trial334_0,0,4,4,-134.513606,False,1.648
5,334,4,m,20,23-May-2016,Sub5_Trial334_0,0,5,5,5.496365000000001,False,1.648
5,334,4,m,20,23-May-2016,Sub5_Trial334_0,0,6,6,-95.943673,False,1.648
5,334,4,m,20,23-May-2016,Sub5_Trial334_1,1,0,0,12.481895999999999,True,1.648
5,334,4,m,20,23-May-2016,Sub5_Trial334_1,1,1,1,-75.506772,True,1.648
5,334,4,m,20,23-May-2016,Sub5_Trial334_1,1,2,2,51.045488000000006,True,1.648
5,334,4,m,20,23-May-2016,Sub5_Trial334_1,1,3,3,-10.968184,True,1.648
5,334,4,m,20,23-May-2016,Sub5_Trial334_1,1,4,4,-71.482482,True,1.648
5,334,4,m,20,23-May-2016,Sub5_Trial334_1,1,5,5,-52.911631,True,1.648
5,334,4,m,20,23-May-2016,Sub5_Trial334_1,1,6,6,36.573213,True,1.648
5,335,4,m,20,23-May-2016,Sub5_Trial335_0,0,0,0,109.332987,False,1.175
5,335,4,m,20,23-May-2016,Sub5_Trial335_0,0,1,1,18.705428999999995,False,1.175
5,335,4,m,20,23-May-2016,Sub5_Trial335_0,0,2,2,51.879703000000006,False,1.175
5,335,4,m,20,23-May-2016,Sub5_Trial335_0,0,3,3,-66.402003,False,1.175
5,335,4,m,20,23-May-2016,Sub5_Trial335_0,0,4,4,-55.298474,False,1.175
5,335,4,m,20,23-May-2016,Sub5_Trial335_0,0,5,5,2.561954,False,1.175
5,335,4,m,20,23-May-2016,Sub5_Trial335_0,0,6,6,108.90841699999999,False,1.175
5,335,4,m,20,23-May-2016,Sub5_Trial335_1,1,0,0,11.42135,True,1.175
5,335,4,m,20,23-May-2016,Sub5_Trial335_1,1,1,1,46.951759,True,1.175
5,335,4,m,20,23-May-2016,Sub5_Trial335_1,1,2,2,-93.535836,True,1.175
5,335,4,m,20,23-May-2016,Sub5_Trial335_1,1,3,3,-25.255286999999996,True,1.175
5,335,4,m,20,23-May-2016,Sub5_Trial335_1,1,4,4,125.075437,True,1.175
5,335,4,m,20,23-May-2016,Sub5_Trial335_1,1,5,5,45.056729,True,1.175
5,335,4,m,20,23-May-2016,Sub5_Trial335_1,1,6,6,25.287232,True,1.175
5,336,4,m,20,23-May-2016,Sub5_Trial336_0,0,0,0,116.59164099999998,False,2.245
5,336,4,m,20,23-May-2016,Sub5_Trial336_0,0,1,1,-18.62159,False,2.245
5,336,4,m,20,23-May-2016,Sub5_Trial336_0,0,2,2,-96.269393,False,2.245
5,336,4,m,20,23-May-2016,Sub5_Trial336_0,0,3,3,-7.097878999999999,False,2.245
5,336,4,m,20,23-May-2016,Sub5_Trial336_0,0,4,4,42.064552,False,2.245
5,336,4,m,20,23-May-2016,Sub5_Trial336_0,0,5,5,-72.868046,False,2.245
5,336,4,m,20,23-May-2016,Sub5_Trial336_0,0,6,6,102.076094,False,2.245
5,336,4,m,20,23-May-2016,Sub5_Trial336_1,1,0,0,-57.13820799999999,True,2.245
5,336,4,m,20,23-May-2016,Sub5_Trial336_1,1,1,1,-10.628565000000002,True,2.245
5,336,4,m,20,23-May-2016,Sub5_Trial336_1,1,2,2,-91.431125,True,2.245
5,336,4,m,20,23-May-2016,Sub5_Trial336_1,1,3,3,70.862842,True,2.245
5,336,4,m,20,23-May-2016,Sub5_Trial336_1,1,4,4,13.508421,True,2.245
5,336,4,m,20,23-May-2016,Sub5_Trial336_1,1,5,5,-9.831361000000001,True,2.245
5,336,4,m,20,23-May-2016,Sub5_Trial336_1,1,6,6,-29.591880000000003,True,2.245
5,337,4,m,20,23-May-2016,Sub5_Trial337_0,0,0,0,36.314426,True,1.041
5,337,4,m,20,23-May-2016,Sub5_Trial337_0,0,1,1,-44.137535,True,1.041
5,337,4,m,20,23-May-2016,Sub5_Trial337_0,0,2,2,90.355773,True,1.041
5,337,4,m,20,23-May-2016,Sub5_Trial337_0,0,3,3,9.167413,True,1.041
5,337,4,m,20,23-May-2016,Sub5_Trial337_0,0,4,4,-1.6744440000000012,True,1.041
5,337,4,m,20,23-May-2016,Sub5_Trial337_0,0,5,5,104.876077,True,1.041
5,337,4,m,20,23-May-2016,Sub5_Trial337_0,0,6,6,-52.047003,True,1.041
5,337,4,m,20,23-May-2016,Sub5_Trial337_1,1,0,0,68.106922,False,1.041
5,337,4,m,20,23-May-2016,Sub5_Trial337_1,1,1,1,20.569353,False,1.041
5,337,4,m,20,23-May-2016,Sub5_Trial337_1,1,2,2,-60.629086,False,1.041
5,337,4,m,20,23-May-2016,Sub5_Trial337_1,1,3,3,28.652279,False,1.041
5,337,4,m,20,23-May-2016,Sub5_Trial337_1,1,4,4,134.18485,False,1.041
5,337,4,m,20,23-May-2016,Sub5_Trial337_1,1,5,5,16.88069,False,1.041
5,337,4,m,20,23-May-2016,Sub5_Trial337_1,1,6,6,11.160047,False,1.041
5,338,4,m,20,23-May-2016,Sub5_Trial338_0,0,0,0,23.045916,False,0.908
5,338,4,m,20,23-May-2016,Sub5_Trial338_0,0,1,1,-45.850667,False,0.908
5,338,4,m,20,23-May-2016,Sub5_Trial338_0,0,2,2,-91.711242,False,0.908
5,338,4,m,20,23-May-2016,Sub5_Trial338_0,0,3,3,12.574356,False,0.908
5,338,4,m,20,23-May-2016,Sub5_Trial338_0,0,4,4,79.798805,False,0.908
5,338,4,m,20,23-May-2016,Sub5_Trial338_0,0,5,5,-37.547088,False,0.908
5,338,4,m,20,23-May-2016,Sub5_Trial338_0,0,6,6,-90.901287,False,0.908
5,338,4,m,20,23-May-2016,Sub5_Trial338_1,1,0,0,-46.425301,True,0.908
5,338,4,m,20,23-May-2016,Sub5_Trial338_1,1,1,1,113.85978499999999,True,0.908
5,338,4,m,20,23-May-2016,Sub5_Trial338_1,1,2,2,-140.548524,True,0.908
5,338,4,m,20,23-May-2016,Sub5_Trial338_1,1,3,3,35.289282,True,0.908
5,338,4,m,20,23-May-2016,Sub5_Trial338_1,1,4,4,-33.391778,True,0.908
5,338,4,m,20,23-May-2016,Sub5_Trial338_1,1,5,5,-24.077555,True,0.908
5,338,4,m,20,23-May-2016,Sub5_Trial338_1,1,6,6,56.514782999999994,True,0.908
5,339,4,m,20,23-May-2016,Sub5_Trial339_0,0,0,0,10.437171,True,1.02
5,339,4,m,20,23-May-2016,Sub5_Trial339_0,0,1,1,76.609591,True,1.02
5,339,4,m,20,23-May-2016,Sub5_Trial339_0,0,2,2,-59.752462,True,1.02
5,339,4,m,20,23-May-2016,Sub5_Trial339_0,0,3,3,-42.087533,True,1.02
5,339,4,m,20,23-May-2016,Sub5_Trial339_0,0,4,4,10.114964,True,1.02
5,339,4,m,20,23-May-2016,Sub5_Trial339_0,0,5,5,-40.141774,True,1.02
5,339,4,m,20,23-May-2016,Sub5_Trial339_0,0,6,6,76.350752,True,1.02
5,339,4,m,20,23-May-2016,Sub5_Trial339_1,1,0,0,109.456911,False,1.02
5,339,4,m,20,23-May-2016,Sub5_Trial339_1,1,1,1,16.386445,False,1.02
5,339,4,m,20,23-May-2016,Sub5_Trial339_1,1,2,2,0.45649999999999835,False,1.02
5,339,4,m,20,23-May-2016,Sub5_Trial339_1,1,3,3,25.130831,False,1.02
5,339,4,m,20,23-May-2016,Sub5_Trial339_1,1,4,4,-54.67920699999999,False,1.02
5,339,4,m,20,23-May-2016,Sub5_Trial339_1,1,5,5,-120.697044,False,1.02
5,339,4,m,20,23-May-2016,Sub5_Trial339_1,1,6,6,-32.858415,False,1.02
5,340,4,m,20,23-May-2016,Sub5_Trial340_0,0,0,0,-32.589288,True,0.989
5,340,4,m,20,23-May-2016,Sub5_Trial340_0,0,1,1,-59.212548,True,0.989
5,340,4,m,20,23-May-2016,Sub5_Trial340_0,0,2,2,-121.563041,True,0.989
5,340,4,m,20,23-May-2016,Sub5_Trial340_0,0,3,3,-42.767603,True,0.989
5,340,4,m,20,23-May-2016,Sub5_Trial340_0,0,4,4,-34.544225,True,0.989
5,340,4,m,20,23-May-2016,Sub5_Trial340_0,0,5,5,-11.752868,True,0.989
5,340,4,m,20,23-May-2016,Sub5_Trial340_0,0,6,6,81.562443,True,0.989
5,340,4,m,20,23-May-2016,Sub5_Trial340_1,1,0,0,-22.235016,False,0.989
5,340,4,m,20,23-May-2016,Sub5_Trial340_1,1,1,1,-70.248877,False,0.989
5,340,4,m,20,23-May-2016,Sub5_Trial340_1,1,2,2,31.748734,False,0.989
5,340,4,m,20,23-May-2016,Sub5_Trial340_1,1,3,3,50.39924,False,0.989
5,340,4,m,20,23-May-2016,Sub5_Trial340_1,1,4,4,-3.561406999999999,False,0.989
5,340,4,m,20,23-May-2016,Sub5_Trial340_1,1,5,5,-77.12519,False,0.989
5,340,4,m,20,23-May-2016,Sub5_Trial340_1,1,6,6,74.113844,False,0.989
5,341,4,m,20,23-May-2016,Sub5_Trial341_0,0,0,0,-75.377973,True,1.338
5,341,4,m,20,23-May-2016,Sub5_Trial341_0,0,1,1,-106.151631,True,1.338
5,341,4,m,20,23-May-2016,Sub5_Trial341_0,0,2,2,-19.696796,True,1.338
5,341,4,m,20,23-May-2016,Sub5_Trial341_0,0,3,3,81.694294,True,1.338
5,341,4,m,20,23-May-2016,Sub5_Trial341_0,0,4,4,-31.00154,True,1.338
5,341,4,m,20,23-May-2016,Sub5_Trial341_0,0,5,5,103.757722,True,1.338
5,341,4,m,20,23-May-2016,Sub5_Trial341_0,0,6,6,130.913691,True,1.338
5,341,4,m,20,23-May-2016,Sub5_Trial341_1,1,0,0,-0.4929459999999999,False,1.338
5,341,4,m,20,23-May-2016,Sub5_Trial341_1,1,1,1,-28.81494,False,1.338
5,341,4,m,20,23-May-2016,Sub5_Trial341_1,1,2,2,-108.835521,False,1.338
5,341,4,m,20,23-May-2016,Sub5_Trial341_1,1,3,3,103.933639,False,1.338
5,341,4,m,20,23-May-2016,Sub5_Trial341_1,1,4,4,-33.550642,False,1.338
5,341,4,m,20,23-May-2016,Sub5_Trial341_1,1,5,5,-50.488922,False,1.338
5,341,4,m,20,23-May-2016,Sub5_Trial341_1,1,6,6,-15.094403,False,1.338
5,342,4,m,20,23-May-2016,Sub5_Trial342_0,0,0,0,64.397355,False,1.081
5,342,4,m,20,23-May-2016,Sub5_Trial342_0,0,1,1,17.644954,False,1.081
5,342,4,m,20,23-May-2016,Sub5_Trial342_0,0,2,2,-8.788733,False,1.081
5,342,4,m,20,23-May-2016,Sub5_Trial342_0,0,3,3,-107.388443,False,1.081
5,342,4,m,20,23-May-2016,Sub5_Trial342_0,0,4,4,21.435769,False,1.081
5,342,4,m,20,23-May-2016,Sub5_Trial342_0,0,5,5,-76.20602,False,1.081
5,342,4,m,20,23-May-2016,Sub5_Trial342_0,0,6,6,78.089878,False,1.081
5,342,4,m,20,23-May-2016,Sub5_Trial342_1,1,0,0,13.674872999999998,True,1.081
5,342,4,m,20,23-May-2016,Sub5_Trial342_1,1,1,1,52.822135,True,1.081
5,342,4,m,20,23-May-2016,Sub5_Trial342_1,1,2,2,29.513413,True,1.081
5,342,4,m,20,23-May-2016,Sub5_Trial342_1,1,3,3,14.363585999999998,True,1.081
5,342,4,m,20,23-May-2016,Sub5_Trial342_1,1,4,4,10.114997000000002,True,1.081
5,342,4,m,20,23-May-2016,Sub5_Trial342_1,1,5,5,-28.471041,True,1.081
5,342,4,m,20,23-May-2016,Sub5_Trial342_1,1,6,6,-17.006015,True,1.081
5,343,4,m,20,23-May-2016,Sub5_Trial343_0,0,0,0,46.284928,True,1.01
5,343,4,m,20,23-May-2016,Sub5_Trial343_0,0,1,1,-3.5227760000000004,True,1.01
5,343,4,m,20,23-May-2016,Sub5_Trial343_0,0,2,2,23.547488,True,1.01
5,343,4,m,20,23-May-2016,Sub5_Trial343_0,0,3,3,9.07769,True,1.01
5,343,4,m,20,23-May-2016,Sub5_Trial343_0,0,4,4,37.676905,True,1.01
5,343,4,m,20,23-May-2016,Sub5_Trial343_0,0,5,5,23.995103,True,1.01
5,343,4,m,20,23-May-2016,Sub5_Trial343_0,0,6,6,24.838979,True,1.01
5,343,4,m,20,23-May-2016,Sub5_Trial343_1,1,0,0,4.557395,False,1.01
5,343,4,m,20,23-May-2016,Sub5_Trial343_1,1,1,1,147.926111,False,1.01
5,343,4,m,20,23-May-2016,Sub5_Trial343_1,1,2,2,47.70087699999999,False,1.01
5,343,4,m,20,23-May-2016,Sub5_Trial343_1,1,3,3,61.15759700000001,False,1.01
5,343,4,m,20,23-May-2016,Sub5_Trial343_1,1,4,4,-101.042575,False,1.01
5,343,4,m,20,23-May-2016,Sub5_Trial343_1,1,5,5,-19.769516,False,1.01
5,343,4,m,20,23-May-2016,Sub5_Trial343_1,1,6,6,152.4278,False,1.01
5,344,4,m,20,23-May-2016,Sub5_Trial344_0,0,0,0,40.452709,True,1.153
5,344,4,m,20,23-May-2016,Sub5_Trial344_0,0,1,1,70.1742,True,1.153
5,344,4,m,20,23-May-2016,Sub5_Trial344_0,0,2,2,19.185332000000002,True,1.153
5,344,4,m,20,23-May-2016,Sub5_Trial344_0,0,3,3,-9.696103,True,1.153
5,344,4,m,20,23-May-2016,Sub5_Trial344_0,0,4,4,-47.546374,True,1.153
5,344,4,m,20,23-May-2016,Sub5_Trial344_0,0,5,5,111.456165,True,1.153
5,344,4,m,20,23-May-2016,Sub5_Trial344_0,0,6,6,-90.099965,True,1.153
5,344,4,m,20,23-May-2016,Sub5_Trial344_1,1,0,0,133.31626,False,1.153
5,344,4,m,20,23-May-2016,Sub5_Trial344_1,1,1,1,68.688787,False,1.153
5,344,4,m,20,23-May-2016,Sub5_Trial344_1,1,2,2,-32.316392,False,1.153
5,344,4,m,20,23-May-2016,Sub5_Trial344_1,1,3,3,59.032449,False,1.153
5,344,4,m,20,23-May-2016,Sub5_Trial344_1,1,4,4,112.251632,False,1.153
5,344,4,m,20,23-May-2016,Sub5_Trial344_1,1,5,5,-71.449097,False,1.153
5,344,4,m,20,23-May-2016,Sub5_Trial344_1,1,6,6,-74.515531,False,1.153
5,345,4,m,20,23-May-2016,Sub5_Trial345_0,0,0,0,-4.355221,False,1.084
5,345,4,m,20,23-May-2016,Sub5_Trial345_0,0,1,1,0.5833030000000008,False,1.084
5,345,4,m,20,23-May-2016,Sub5_Trial345_0,0,2,2,43.940672,False,1.084
5,345,4,m,20,23-May-2016,Sub5_Trial345_0,0,3,3,-69.194144,False,1.084
5,345,4,m,20,23-May-2016,Sub5_Trial345_0,0,4,4,-33.764228,False,1.084
5,345,4,m,20,23-May-2016,Sub5_Trial345_0,0,5,5,-104.457844,False,1.084
5,345,4,m,20,23-May-2016,Sub5_Trial345_0,0,6,6,-110.42182,False,1.084
5,345,4,m,20,23-May-2016,Sub5_Trial345_1,1,0,0,-1.7674720000000015,True,1.084
5,345,4,m,20,23-May-2016,Sub5_Trial345_1,1,1,1,-57.822888,True,1.084
5,345,4,m,20,23-May-2016,Sub5_Trial345_1,1,2,2,-62.281892,True,1.084
5,345,4,m,20,23-May-2016,Sub5_Trial345_1,1,3,3,-147.816497,True,1.084
5,345,4,m,20,23-May-2016,Sub5_Trial345_1,1,4,4,-77.198923,True,1.084
5,345,4,m,20,23-May-2016,Sub5_Trial345_1,1,5,5,-88.217498,True,1.084
5,345,4,m,20,23-May-2016,Sub5_Trial345_1,1,6,6,-0.28241799999999984,True,1.084
5,346,4,m,20,23-May-2016,Sub5_Trial346_0,0,0,0,71.046946,True,3.751
5,346,4,m,20,23-May-2016,Sub5_Trial346_0,0,1,1,41.28868,True,3.751
5,346,4,m,20,23-May-2016,Sub5_Trial346_0,0,2,2,-32.899932,True,3.751
5,346,4,m,20,23-May-2016,Sub5_Trial346_0,0,3,3,39.981969,True,3.751
5,346,4,m,20,23-May-2016,Sub5_Trial346_0,0,4,4,111.44068900000002,True,3.751
5,346,4,m,20,23-May-2016,Sub5_Trial346_0,0,5,5,95.657248,True,3.751
5,346,4,m,20,23-May-2016,Sub5_Trial346_0,0,6,6,32.859247,True,3.751
5,346,4,m,20,23-May-2016,Sub5_Trial346_1,1,0,0,-121.82490899999999,False,3.751
5,346,4,m,20,23-May-2016,Sub5_Trial346_1,1,1,1,-67.537378,False,3.751
5,346,4,m,20,23-May-2016,Sub5_Trial346_1,1,2,2,-7.913774,False,3.751
5,346,4,m,20,23-May-2016,Sub5_Trial346_1,1,3,3,-112.786799,False,3.751
5,346,4,m,20,23-May-2016,Sub5_Trial346_1,1,4,4,-0.9891320000000015,False,3.751
5,346,4,m,20,23-May-2016,Sub5_Trial346_1,1,5,5,-68.004052,False,3.751
5,346,4,m,20,23-May-2016,Sub5_Trial346_1,1,6,6,30.890267,False,3.751
5,347,4,m,20,23-May-2016,Sub5_Trial347_0,0,0,0,-8.314525,False,0.874
5,347,4,m,20,23-May-2016,Sub5_Trial347_0,0,1,1,32.662214,False,0.874
5,347,4,m,20,23-May-2016,Sub5_Trial347_0,0,2,2,-50.866368,False,0.874
5,347,4,m,20,23-May-2016,Sub5_Trial347_0,0,3,3,35.708363,False,0.874
5,347,4,m,20,23-May-2016,Sub5_Trial347_0,0,4,4,-64.652982,False,0.874
5,347,4,m,20,23-May-2016,Sub5_Trial347_0,0,5,5,-37.00141,False,0.874
5,347,4,m,20,23-May-2016,Sub5_Trial347_0,0,6,6,-16.794696,False,0.874
5,347,4,m,20,23-May-2016,Sub5_Trial347_1,1,0,0,-11.236201999999999,True,0.874
5,347,4,m,20,23-May-2016,Sub5_Trial347_1,1,1,1,-96.810322,True,0.874
5,347,4,m,20,23-May-2016,Sub5_Trial347_1,1,2,2,-142.773128,True,0.874
5,347,4,m,20,23-May-2016,Sub5_Trial347_1,1,3,3,-30.985861,True,0.874
5,347,4,m,20,23-May-2016,Sub5_Trial347_1,1,4,4,122.461443,True,0.874
5,347,4,m,20,23-May-2016,Sub5_Trial347_1,1,5,5,60.147729,True,0.874
5,347,4,m,20,23-May-2016,Sub5_Trial347_1,1,6,6,-5.767105999999998,True,0.874
5,348,4,m,20,23-May-2016,Sub5_Trial348_0,0,0,0,-63.501179,True,1.168
5,348,4,m,20,23-May-2016,Sub5_Trial348_0,0,1,1,-30.922172,True,1.168
5,348,4,m,20,23-May-2016,Sub5_Trial348_0,0,2,2,45.68736100000001,True,1.168
5,348,4,m,20,23-May-2016,Sub5_Trial348_0,0,3,3,10.700937,True,1.168
5,348,4,m,20,23-May-2016,Sub5_Trial348_0,0,4,4,2.6989209999999986,True,1.168
5,348,4,m,20,23-May-2016,Sub5_Trial348_0,0,5,5,83.877938,True,1.168
5,348,4,m,20,23-May-2016,Sub5_Trial348_0,0,6,6,17.457730999999995,True,1.168
5,348,4,m,20,23-May-2016,Sub5_Trial348_1,1,0,0,-91.900984,False,1.168
5,348,4,m,20,23-May-2016,Sub5_Trial348_1,1,1,1,-22.280299999999997,False,1.168
5,348,4,m,20,23-May-2016,Sub5_Trial348_1,1,2,2,56.391956,False,1.168
5,348,4,m,20,23-May-2016,Sub5_Trial348_1,1,3,3,71.924441,False,1.168
5,348,4,m,20,23-May-2016,Sub5_Trial348_1,1,4,4,-50.99670900000001,False,1.168
5,348,4,m,20,23-May-2016,Sub5_Trial348_1,1,5,5,-124.61989699999998,False,1.168
5,348,4,m,20,23-May-2016,Sub5_Trial348_1,1,6,6,-73.395285,False,1.168
5,349,4,m,20,23-May-2016,Sub5_Trial349_0,0,0,0,51.21961,True,1.043
5,349,4,m,20,23-May-2016,Sub5_Trial349_0,0,1,1,-28.164292,True,1.043
5,349,4,m,20,23-May-2016,Sub5_Trial349_0,0,2,2,10.970544,True,1.043
5,349,4,m,20,23-May-2016,Sub5_Trial349_0,0,3,3,68.848061,True,1.043
5,349,4,m,20,23-May-2016,Sub5_Trial349_0,0,4,4,59.46323100000001,True,1.043
5,349,4,m,20,23-May-2016,Sub5_Trial349_0,0,5,5,7.942129999999999,True,1.043
5,349,4,m,20,23-May-2016,Sub5_Trial349_0,0,6,6,-18.602026,True,1.043
5,349,4,m,20,23-May-2016,Sub5_Trial349_1,1,0,0,-85.49629,False,1.043
5,349,4,m,20,23-May-2016,Sub5_Trial349_1,1,1,1,95.185039,False,1.043
5,349,4,m,20,23-May-2016,Sub5_Trial349_1,1,2,2,-38.51351,False,1.043
5,349,4,m,20,23-May-2016,Sub5_Trial349_1,1,3,3,-52.316451,False,1.043
5,349,4,m,20,23-May-2016,Sub5_Trial349_1,1,4,4,34.51658,False,1.043
5,349,4,m,20,23-May-2016,Sub5_Trial349_1,1,5,5,-66.882316,False,1.043
5,349,4,m,20,23-May-2016,Sub5_Trial349_1,1,6,6,-30.195183,False,1.043
5,350,4,m,20,23-May-2016,Sub5_Trial350_0,0,0,0,-3.624279999999999,True,1.059
5,350,4,m,20,23-May-2016,Sub5_Trial350_0,0,1,1,71.86266,True,1.059
5,350,4,m,20,23-May-2016,Sub5_Trial350_0,0,2,2,59.691428,True,1.059
5,350,4,m,20,23-May-2016,Sub5_Trial350_0,0,3,3,3.2376509999999996,True,1.059
5,350,4,m,20,23-May-2016,Sub5_Trial350_0,0,4,4,103.743931,True,1.059
5,350,4,m,20,23-May-2016,Sub5_Trial350_0,0,5,5,43.324279,True,1.059
5,350,4,m,20,23-May-2016,Sub5_Trial350_0,0,6,6,-2.4780179999999987,True,1.059
5,350,4,m,20,23-May-2016,Sub5_Trial350_1,1,0,0,-5.44571,False,1.059
5,350,4,m,20,23-May-2016,Sub5_Trial350_1,1,1,1,21.743297,False,1.059
5,350,4,m,20,23-May-2016,Sub5_Trial350_1,1,2,2,21.568666,False,1.059
5,350,4,m,20,23-May-2016,Sub5_Trial350_1,1,3,3,78.192828,False,1.059
5,350,4,m,20,23-May-2016,Sub5_Trial350_1,1,4,4,83.544102,False,1.059
5,350,4,m,20,23-May-2016,Sub5_Trial350_1,1,5,5,-41.462327,False,1.059
5,350,4,m,20,23-May-2016,Sub5_Trial350_1,1,6,6,28.211938000000004,False,1.059
5,351,4,m,20,23-May-2016,Sub5_Trial351_0,0,0,0,-21.107758000000004,False,0.691
5,351,4,m,20,23-May-2016,Sub5_Trial351_0,0,1,1,136.052529,False,0.691
5,351,4,m,20,23-May-2016,Sub5_Trial351_0,0,2,2,20.349531,False,0.691
5,351,4,m,20,23-May-2016,Sub5_Trial351_0,0,3,3,-1.3710929999999983,False,0.691
5,351,4,m,20,23-May-2016,Sub5_Trial351_0,0,4,4,57.938377,False,0.691
5,351,4,m,20,23-May-2016,Sub5_Trial351_0,0,5,5,-38.782356,False,0.691
5,351,4,m,20,23-May-2016,Sub5_Trial351_0,0,6,6,-111.94922400000002,False,0.691
5,351,4,m,20,23-May-2016,Sub5_Trial351_1,1,0,0,22.241655,True,0.691
5,351,4,m,20,23-May-2016,Sub5_Trial351_1,1,1,1,54.726710999999995,True,0.691
5,351,4,m,20,23-May-2016,Sub5_Trial351_1,1,2,2,44.221069,True,0.691
5,351,4,m,20,23-May-2016,Sub5_Trial351_1,1,3,3,-24.321055,True,0.691
5,351,4,m,20,23-May-2016,Sub5_Trial351_1,1,4,4,-0.021872999999999365,True,0.691
5,351,4,m,20,23-May-2016,Sub5_Trial351_1,1,5,5,-66.752476,True,0.691
5,351,4,m,20,23-May-2016,Sub5_Trial351_1,1,6,6,48.28719799999999,True,0.691
5,352,4,m,20,23-May-2016,Sub5_Trial352_0,0,0,0,-48.170712,True,2.625
5,352,4,m,20,23-May-2016,Sub5_Trial352_0,0,1,1,82.767828,True,2.625
5,352,4,m,20,23-May-2016,Sub5_Trial352_0,0,2,2,-77.879416,True,2.625
5,352,4,m,20,23-May-2016,Sub5_Trial352_0,0,3,3,-24.677657,True,2.625
5,352,4,m,20,23-May-2016,Sub5_Trial352_0,0,4,4,11.011068999999999,True,2.625
5,352,4,m,20,23-May-2016,Sub5_Trial352_0,0,5,5,-77.931306,True,2.625
5,352,4,m,20,23-May-2016,Sub5_Trial352_0,0,6,6,83.973149,True,2.625
5,352,4,m,20,23-May-2016,Sub5_Trial352_1,1,0,0,26.012875,False,2.625
5,352,4,m,20,23-May-2016,Sub5_Trial352_1,1,1,1,-87.139239,False,2.625
5,352,4,m,20,23-May-2016,Sub5_Trial352_1,1,2,2,-29.288622000000004,False,2.625
5,352,4,m,20,23-May-2016,Sub5_Trial352_1,1,3,3,-47.285337,False,2.625
5,352,4,m,20,23-May-2016,Sub5_Trial352_1,1,4,4,-2.8027669999999993,False,2.625
5,352,4,m,20,23-May-2016,Sub5_Trial352_1,1,5,5,-43.142907,False,2.625
5,352,4,m,20,23-May-2016,Sub5_Trial352_1,1,6,6,-60.18921399999999,False,2.625
5,353,4,m,20,23-May-2016,Sub5_Trial353_0,0,0,0,14.713135,True,0.642
5,353,4,m,20,23-May-2016,Sub5_Trial353_0,0,1,1,-85.356723,True,0.642
5,353,4,m,20,23-May-2016,Sub5_Trial353_0,0,2,2,-13.227367000000001,True,0.642
5,353,4,m,20,23-May-2016,Sub5_Trial353_0,0,3,3,-36.236439,True,0.642
5,353,4,m,20,23-May-2016,Sub5_Trial353_0,0,4,4,117.093778,True,0.642
5,353,4,m,20,23-May-2016,Sub5_Trial353_0,0,5,5,21.064093,True,0.642
5,353,4,m,20,23-May-2016,Sub5_Trial353_0,0,6,6,130.472828,True,0.642
5,353,4,m,20,23-May-2016,Sub5_Trial353_1,1,0,0,-28.463734,False,0.642
5,353,4,m,20,23-May-2016,Sub5_Trial353_1,1,1,1,93.087715,False,0.642
5,353,4,m,20,23-May-2016,Sub5_Trial353_1,1,2,2,66.672636,False,0.642
5,353,4,m,20,23-May-2016,Sub5_Trial353_1,1,3,3,22.106674999999996,False,0.642
5,353,4,m,20,23-May-2016,Sub5_Trial353_1,1,4,4,-114.552742,False,0.642
5,353,4,m,20,23-May-2016,Sub5_Trial353_1,1,5,5,-80.311329,False,0.642
5,353,4,m,20,23-May-2016,Sub5_Trial353_1,1,6,6,11.399560000000001,False,0.642
5,354,4,m,20,23-May-2016,Sub5_Trial354_0,0,0,0,-31.103829000000005,False,0.768
5,354,4,m,20,23-May-2016,Sub5_Trial354_0,0,1,1,61.106214,False,0.768
5,354,4,m,20,23-May-2016,Sub5_Trial354_0,0,2,2,44.391735,False,0.768
5,354,4,m,20,23-May-2016,Sub5_Trial354_0,0,3,3,42.250815,False,0.768
5,354,4,m,20,23-May-2016,Sub5_Trial354_0,0,4,4,-0.7941959999999995,False,0.768
5,354,4,m,20,23-May-2016,Sub5_Trial354_0,0,5,5,-82.583509,False,0.768
5,354,4,m,20,23-May-2016,Sub5_Trial354_0,0,6,6,37.61157,False,0.768
5,354,4,m,20,23-May-2016,Sub5_Trial354_1,1,0,0,-83.977927,True,0.768
5,354,4,m,20,23-May-2016,Sub5_Trial354_1,1,1,1,-55.733914,True,0.768
5,354,4,m,20,23-May-2016,Sub5_Trial354_1,1,2,2,-11.539389,True,0.768
5,354,4,m,20,23-May-2016,Sub5_Trial354_1,1,3,3,-130.603927,True,0.768
5,354,4,m,20,23-May-2016,Sub5_Trial354_1,1,4,4,-46.629303,True,0.768
5,354,4,m,20,23-May-2016,Sub5_Trial354_1,1,5,5,-5.907826,True,0.768
5,354,4,m,20,23-May-2016,Sub5_Trial354_1,1,6,6,-67.93532,True,0.768
5,355,4,m,20,23-May-2016,Sub5_Trial355_0,0,0,0,84.533165,True,0.726
5,355,4,m,20,23-May-2016,Sub5_Trial355_0,0,1,1,27.889743,True,0.726
5,355,4,m,20,23-May-2016,Sub5_Trial355_0,0,2,2,27.060145,True,0.726
5,355,4,m,20,23-May-2016,Sub5_Trial355_0,0,3,3,-78.649353,True,0.726
5,355,4,m,20,23-May-2016,Sub5_Trial355_0,0,4,4,-45.51043899999999,True,0.726
5,355,4,m,20,23-May-2016,Sub5_Trial355_0,0,5,5,6.652175,True,0.726
5,355,4,m,20,23-May-2016,Sub5_Trial355_0,0,6,6,-63.72275400000001,True,0.726
5,355,4,m,20,23-May-2016,Sub5_Trial355_1,1,0,0,54.24426,False,0.726
5,355,4,m,20,23-May-2016,Sub5_Trial355_1,1,1,1,-70.620582,False,0.726
5,355,4,m,20,23-May-2016,Sub5_Trial355_1,1,2,2,-14.864187,False,0.726
5,355,4,m,20,23-May-2016,Sub5_Trial355_1,1,3,3,46.413388,False,0.726
5,355,4,m,20,23-May-2016,Sub5_Trial355_1,1,4,4,-19.651774,False,0.726
5,355,4,m,20,23-May-2016,Sub5_Trial355_1,1,5,5,-57.403276,False,0.726
5,355,4,m,20,23-May-2016,Sub5_Trial355_1,1,6,6,-21.679205,False,0.726
5,356,4,m,20,23-May-2016,Sub5_Trial356_0,0,0,0,8.540079,True,0.941
5,356,4,m,20,23-May-2016,Sub5_Trial356_0,0,1,1,-62.748526,True,0.941
5,356,4,m,20,23-May-2016,Sub5_Trial356_0,0,2,2,-55.339911,True,0.941
5,356,4,m,20,23-May-2016,Sub5_Trial356_0,0,3,3,-22.046504999999996,True,0.941
5,356,4,m,20,23-May-2016,Sub5_Trial356_0,0,4,4,-46.919877,True,0.941
5,356,4,m,20,23-May-2016,Sub5_Trial356_0,0,5,5,-2.6371,True,0.941
5,356,4,m,20,23-May-2016,Sub5_Trial356_0,0,6,6,7.427613000000001,True,0.941
5,356,4,m,20,23-May-2016,Sub5_Trial356_1,1,0,0,125.38641899999999,False,0.941
5,356,4,m,20,23-May-2016,Sub5_Trial356_1,1,1,1,-40.041347,False,0.941
5,356,4,m,20,23-May-2016,Sub5_Trial356_1,1,2,2,9.200130000000001,False,0.941
5,356,4,m,20,23-May-2016,Sub5_Trial356_1,1,3,3,4.123179999999998,False,0.941
5,356,4,m,20,23-May-2016,Sub5_Trial356_1,1,4,4,-144.049403,False,0.941
5,356,4,m,20,23-May-2016,Sub5_Trial356_1,1,5,5,-91.899371,False,0.941
5,356,4,m,20,23-May-2016,Sub5_Trial356_1,1,6,6,144.72984,False,0.941
5,357,4,m,20,23-May-2016,Sub5_Trial357_0,0,0,0,8.245359999999998,True,0.85
5,357,4,m,20,23-May-2016,Sub5_Trial357_0,0,1,1,-138.862558,True,0.85
5,357,4,m,20,23-May-2016,Sub5_Trial357_0,0,2,2,17.116154,True,0.85
5,357,4,m,20,23-May-2016,Sub5_Trial357_0,0,3,3,-28.160725,True,0.85
5,357,4,m,20,23-May-2016,Sub5_Trial357_0,0,4,4,9.155073999999999,True,0.85
5,357,4,m,20,23-May-2016,Sub5_Trial357_0,0,5,5,65.030077,True,0.85
5,357,4,m,20,23-May-2016,Sub5_Trial357_0,0,6,6,78.832395,True,0.85
5,357,4,m,20,23-May-2016,Sub5_Trial357_1,1,0,0,-14.959604999999996,False,0.85
5,357,4,m,20,23-May-2016,Sub5_Trial357_1,1,1,1,-43.089963,False,0.85
5,357,4,m,20,23-May-2016,Sub5_Trial357_1,1,2,2,-21.922121000000004,False,0.85
5,357,4,m,20,23-May-2016,Sub5_Trial357_1,1,3,3,36.663044,False,0.85
5,357,4,m,20,23-May-2016,Sub5_Trial357_1,1,4,4,-27.995156,False,0.85
5,357,4,m,20,23-May-2016,Sub5_Trial357_1,1,5,5,-121.49504200000001,False,0.85
5,357,4,m,20,23-May-2016,Sub5_Trial357_1,1,6,6,-14.106614,False,0.85
5,358,4,m,20,23-May-2016,Sub5_Trial358_0,0,0,0,-40.883159,True,0.971
5,358,4,m,20,23-May-2016,Sub5_Trial358_0,0,1,1,38.231383,True,0.971
5,358,4,m,20,23-May-2016,Sub5_Trial358_0,0,2,2,-52.32821,True,0.971
5,358,4,m,20,23-May-2016,Sub5_Trial358_0,0,3,3,41.227931,True,0.971
5,358,4,m,20,23-May-2016,Sub5_Trial358_0,0,4,4,-13.184218999999999,True,0.971
5,358,4,m,20,23-May-2016,Sub5_Trial358_0,0,5,5,84.942931,True,0.971
5,358,4,m,20,23-May-2016,Sub5_Trial358_0,0,6,6,2.8296449999999993,True,0.971
5,358,4,m,20,23-May-2016,Sub5_Trial358_1,1,0,0,20.274313,False,0.971
5,358,4,m,20,23-May-2016,Sub5_Trial358_1,1,1,1,-7.463353,False,0.971
5,358,4,m,20,23-May-2016,Sub5_Trial358_1,1,2,2,-12.643851,False,0.971
5,358,4,m,20,23-May-2016,Sub5_Trial358_1,1,3,3,9.694381999999997,False,0.971
5,358,4,m,20,23-May-2016,Sub5_Trial358_1,1,4,4,-27.578339,False,0.971
5,358,4,m,20,23-May-2016,Sub5_Trial358_1,1,5,5,-53.114696,False,0.971
5,358,4,m,20,23-May-2016,Sub5_Trial358_1,1,6,6,21.481,False,0.971
5,359,4,m,20,23-May-2016,Sub5_Trial359_0,0,0,0,-31.597318,False,0.913
5,359,4,m,20,23-May-2016,Sub5_Trial359_0,0,1,1,95.211997,False,0.913
5,359,4,m,20,23-May-2016,Sub5_Trial359_0,0,2,2,10.814038,False,0.913
5,359,4,m,20,23-May-2016,Sub5_Trial359_0,0,3,3,113.133757,False,0.913
5,359,4,m,20,23-May-2016,Sub5_Trial359_0,0,4,4,-5.034209000000001,False,0.913
5,359,4,m,20,23-May-2016,Sub5_Trial359_0,0,5,5,-108.23974,False,0.913
5,359,4,m,20,23-May-2016,Sub5_Trial359_0,0,6,6,13.653861,False,0.913
5,359,4,m,20,23-May-2016,Sub5_Trial359_1,1,0,0,29.358601,True,0.913
5,359,4,m,20,23-May-2016,Sub5_Trial359_1,1,1,1,19.498482,True,0.913
5,359,4,m,20,23-May-2016,Sub5_Trial359_1,1,2,2,-48.094049,True,0.913
5,359,4,m,20,23-May-2016,Sub5_Trial359_1,1,3,3,-62.717690000000005,True,0.913
5,359,4,m,20,23-May-2016,Sub5_Trial359_1,1,4,4,-7.546354999999998,True,0.913
5,359,4,m,20,23-May-2016,Sub5_Trial359_1,1,5,5,-18.461810999999997,True,0.913
5,359,4,m,20,23-May-2016,Sub5_Trial359_1,1,6,6,129.459578,True,0.913
5,360,4,m,20,23-May-2016,Sub5_Trial360_0,0,0,0,34.577391,False,2.478
5,360,4,m,20,23-May-2016,Sub5_Trial360_0,0,1,1,28.500144,False,2.478
5,360,4,m,20,23-May-2016,Sub5_Trial360_0,0,2,2,-51.315184,False,2.478
5,360,4,m,20,23-May-2016,Sub5_Trial360_0,0,3,3,-104.883195,False,2.478
5,360,4,m,20,23-May-2016,Sub5_Trial360_0,0,4,4,86.785463,False,2.478
5,360,4,m,20,23-May-2016,Sub5_Trial360_0,0,5,5,-52.884035,False,2.478
5,360,4,m,20,23-May-2016,Sub5_Trial360_0,0,6,6,36.981293,False,2.478
5,360,4,m,20,23-May-2016,Sub5_Trial360_1,1,0,0,-25.396025,True,2.478
5,360,4,m,20,23-May-2016,Sub5_Trial360_1,1,1,1,-20.367818,True,2.478
5,360,4,m,20,23-May-2016,Sub5_Trial360_1,1,2,2,-65.058008,True,2.478
5,360,4,m,20,23-May-2016,Sub5_Trial360_1,1,3,3,0.49933599999999956,True,2.478
5,360,4,m,20,23-May-2016,Sub5_Trial360_1,1,4,4,-75.904008,True,2.478
5,360,4,m,20,23-May-2016,Sub5_Trial360_1,1,5,5,-25.712076,True,2.478
5,360,4,m,20,23-May-2016,Sub5_Trial360_1,1,6,6,-122.034453,True,2.478
5,361,4,m,20,23-May-2016,Sub5_Trial361_0,0,0,0,25.32398,False,0.877
5,361,4,m,20,23-May-2016,Sub5_Trial361_0,0,1,1,-5.484629999999999,False,0.877
5,361,4,m,20,23-May-2016,Sub5_Trial361_0,0,2,2,34.869585,False,0.877
5,361,4,m,20,23-May-2016,Sub5_Trial361_0,0,3,3,51.672193,False,0.877
5,361,4,m,20,23-May-2016,Sub5_Trial361_0,0,4,4,126.747303,False,0.877
5,361,4,m,20,23-May-2016,Sub5_Trial361_0,0,5,5,23.025311,False,0.877
5,361,4,m,20,23-May-2016,Sub5_Trial361_0,0,6,6,-103.576162,False,0.877
5,361,4,m,20,23-May-2016,Sub5_Trial361_1,1,0,0,37.212444,True,0.877
5,361,4,m,20,23-May-2016,Sub5_Trial361_1,1,1,1,-54.948498,True,0.877
5,361,4,m,20,23-May-2016,Sub5_Trial361_1,1,2,2,-14.208252,True,0.877
5,361,4,m,20,23-May-2016,Sub5_Trial361_1,1,3,3,70.355817,True,0.877
5,361,4,m,20,23-May-2016,Sub5_Trial361_1,1,4,4,77.417491,True,0.877
5,361,4,m,20,23-May-2016,Sub5_Trial361_1,1,5,5,1.4427270000000014,True,0.877
5,361,4,m,20,23-May-2016,Sub5_Trial361_1,1,6,6,29.551502,True,0.877
5,362,4,m,20,23-May-2016,Sub5_Trial362_0,0,0,0,-138.557645,False,0.867
5,362,4,m,20,23-May-2016,Sub5_Trial362_0,0,1,1,48.090706,False,0.867
5,362,4,m,20,23-May-2016,Sub5_Trial362_0,0,2,2,-8.667022,False,0.867
5,362,4,m,20,23-May-2016,Sub5_Trial362_0,0,3,3,94.661956,False,0.867
5,362,4,m,20,23-May-2016,Sub5_Trial362_0,0,4,4,12.236697,False,0.867
5,362,4,m,20,23-May-2016,Sub5_Trial362_0,0,5,5,-60.363119,False,0.867
5,362,4,m,20,23-May-2016,Sub5_Trial362_0,0,6,6,-144.963938,False,0.867
5,362,4,m,20,23-May-2016,Sub5_Trial362_1,1,0,0,-69.857763,True,0.867
5,362,4,m,20,23-May-2016,Sub5_Trial362_1,1,1,1,83.481212,True,0.867
5,362,4,m,20,23-May-2016,Sub5_Trial362_1,1,2,2,34.999512,True,0.867
5,362,4,m,20,23-May-2016,Sub5_Trial362_1,1,3,3,-78.819285,True,0.867
5,362,4,m,20,23-May-2016,Sub5_Trial362_1,1,4,4,-8.172705,True,0.867
5,362,4,m,20,23-May-2016,Sub5_Trial362_1,1,5,5,40.65024,True,0.867
5,362,4,m,20,23-May-2016,Sub5_Trial362_1,1,6,6,66.092905,True,0.867
5,363,4,m,20,23-May-2016,Sub5_Trial363_0,0,0,0,-19.79402,True,1.439
5,363,4,m,20,23-May-2016,Sub5_Trial363_0,0,1,1,-142.007021,True,1.439
5,363,4,m,20,23-May-2016,Sub5_Trial363_0,0,2,2,-8.696567,True,1.439
5,363,4,m,20,23-May-2016,Sub5_Trial363_0,0,3,3,-93.277253,True,1.439
5,363,4,m,20,23-May-2016,Sub5_Trial363_0,0,4,4,-46.338962,True,1.439
5,363,4,m,20,23-May-2016,Sub5_Trial363_0,0,5,5,-23.664974,True,1.439
5,363,4,m,20,23-May-2016,Sub5_Trial363_0,0,6,6,56.795109,True,1.439
5,363,4,m,20,23-May-2016,Sub5_Trial363_1,1,0,0,-62.67695499999999,False,1.439
5,363,4,m,20,23-May-2016,Sub5_Trial363_1,1,1,1,3.915158999999999,False,1.439
5,363,4,m,20,23-May-2016,Sub5_Trial363_1,1,2,2,-24.987286999999995,False,1.439
5,363,4,m,20,23-May-2016,Sub5_Trial363_1,1,3,3,1.8088589999999982,False,1.439
5,363,4,m,20,23-May-2016,Sub5_Trial363_1,1,4,4,44.526205,False,1.439
5,363,4,m,20,23-May-2016,Sub5_Trial363_1,1,5,5,-64.104322,False,1.439
5,363,4,m,20,23-May-2016,Sub5_Trial363_1,1,6,6,-79.116314,False,1.439
5,364,4,m,20,23-May-2016,Sub5_Trial364_0,0,0,0,103.117192,False,0.576
5,364,4,m,20,23-May-2016,Sub5_Trial364_0,0,1,1,-49.33356499999999,False,0.576
5,364,4,m,20,23-May-2016,Sub5_Trial364_0,0,2,2,-27.311482999999996,False,0.576
5,364,4,m,20,23-May-2016,Sub5_Trial364_0,0,3,3,-22.784672,False,0.576
5,364,4,m,20,23-May-2016,Sub5_Trial364_0,0,4,4,-8.850635,False,0.576
5,364,4,m,20,23-May-2016,Sub5_Trial364_0,0,5,5,-42.977415,False,0.576
5,364,4,m,20,23-May-2016,Sub5_Trial364_0,0,6,6,-50.396632,False,0.576
5,364,4,m,20,23-May-2016,Sub5_Trial364_1,1,0,0,-53.138843,True,0.576
5,364,4,m,20,23-May-2016,Sub5_Trial364_1,1,1,1,-86.663748,True,0.576
5,364,4,m,20,23-May-2016,Sub5_Trial364_1,1,2,2,-25.251173,True,0.576
5,364,4,m,20,23-May-2016,Sub5_Trial364_1,1,3,3,100.607413,True,0.576
5,364,4,m,20,23-May-2016,Sub5_Trial364_1,1,4,4,20.380076000000003,True,0.576
5,364,4,m,20,23-May-2016,Sub5_Trial364_1,1,5,5,44.13903400000001,True,0.576
5,364,4,m,20,23-May-2016,Sub5_Trial364_1,1,6,6,-83.124032,True,0.576
5,365,4,m,20,23-May-2016,Sub5_Trial365_0,0,0,0,89.823173,False,0.964
5,365,4,m,20,23-May-2016,Sub5_Trial365_0,0,1,1,-5.6194929999999985,False,0.964
5,365,4,m,20,23-May-2016,Sub5_Trial365_0,0,2,2,-61.674597000000006,False,0.964
5,365,4,m,20,23-May-2016,Sub5_Trial365_0,0,3,3,11.809671,False,0.964
5,365,4,m,20,23-May-2016,Sub5_Trial365_0,0,4,4,65.432625,False,0.964
5,365,4,m,20,23-May-2016,Sub5_Trial365_0,0,5,5,52.126952,False,0.964
5,365,4,m,20,23-May-2016,Sub5_Trial365_0,0,6,6,70.416488,False,0.964
5,365,4,m,20,23-May-2016,Sub5_Trial365_1,1,0,0,33.658806,True,0.964
5,365,4,m,20,23-May-2016,Sub5_Trial365_1,1,1,1,-12.979925,True,0.964
5,365,4,m,20,23-May-2016,Sub5_Trial365_1,1,2,2,-46.242487,True,0.964
5,365,4,m,20,23-May-2016,Sub5_Trial365_1,1,3,3,147.335508,True,0.964
5,365,4,m,20,23-May-2016,Sub5_Trial365_1,1,4,4,17.90809,True,0.964
5,365,4,m,20,23-May-2016,Sub5_Trial365_1,1,5,5,53.12986000000001,True,0.964
5,365,4,m,20,23-May-2016,Sub5_Trial365_1,1,6,6,-3.2082569999999997,True,0.964
5,366,4,m,20,23-May-2016,Sub5_Trial366_0,0,0,0,30.747601000000003,False,0.884
5,366,4,m,20,23-May-2016,Sub5_Trial366_0,0,1,1,-7.654261999999999,False,0.884
5,366,4,m,20,23-May-2016,Sub5_Trial366_0,0,2,2,18.671171,False,0.884
5,366,4,m,20,23-May-2016,Sub5_Trial366_0,0,3,3,-117.580086,False,0.884
5,366,4,m,20,23-May-2016,Sub5_Trial366_0,0,4,4,-28.210462,False,0.884
5,366,4,m,20,23-May-2016,Sub5_Trial366_0,0,5,5,7.066077,False,0.884
5,366,4,m,20,23-May-2016,Sub5_Trial366_0,0,6,6,-90.723619,False,0.884
5,366,4,m,20,23-May-2016,Sub5_Trial366_1,1,0,0,34.050208,True,0.884
5,366,4,m,20,23-May-2016,Sub5_Trial366_1,1,1,1,83.464388,True,0.884
5,366,4,m,20,23-May-2016,Sub5_Trial366_1,1,2,2,27.622081,True,0.884
5,366,4,m,20,23-May-2016,Sub5_Trial366_1,1,3,3,76.628475,True,0.884
5,366,4,m,20,23-May-2016,Sub5_Trial366_1,1,4,4,58.076462,True,0.884
5,366,4,m,20,23-May-2016,Sub5_Trial366_1,1,5,5,48.396844,True,0.884
5,366,4,m,20,23-May-2016,Sub5_Trial366_1,1,6,6,29.376733,True,0.884
5,367,4,m,20,23-May-2016,Sub5_Trial367_0,0,0,0,48.85703000000001,True,1.912
5,367,4,m,20,23-May-2016,Sub5_Trial367_0,0,1,1,-33.068656,True,1.912
5,367,4,m,20,23-May-2016,Sub5_Trial367_0,0,2,2,-72.683436,True,1.912
5,367,4,m,20,23-May-2016,Sub5_Trial367_0,0,3,3,4.501570999999998,True,1.912
5,367,4,m,20,23-May-2016,Sub5_Trial367_0,0,4,4,-95.827403,True,1.912
5,367,4,m,20,23-May-2016,Sub5_Trial367_0,0,5,5,125.79907600000001,True,1.912
5,367,4,m,20,23-May-2016,Sub5_Trial367_0,0,6,6,-3.4449749999999995,True,1.912
5,367,4,m,20,23-May-2016,Sub5_Trial367_1,1,0,0,13.705617,False,1.912
5,367,4,m,20,23-May-2016,Sub5_Trial367_1,1,1,1,-94.230434,False,1.912
5,367,4,m,20,23-May-2016,Sub5_Trial367_1,1,2,2,-60.617203,False,1.912
5,367,4,m,20,23-May-2016,Sub5_Trial367_1,1,3,3,-10.306812999999998,False,1.912
5,367,4,m,20,23-May-2016,Sub5_Trial367_1,1,4,4,-67.283718,False,1.912
5,367,4,m,20,23-May-2016,Sub5_Trial367_1,1,5,5,-24.159650999999997,False,1.912
5,367,4,m,20,23-May-2016,Sub5_Trial367_1,1,6,6,-90.093454,False,1.912
5,368,4,m,20,23-May-2016,Sub5_Trial368_0,0,0,0,22.451297,True,0.757
5,368,4,m,20,23-May-2016,Sub5_Trial368_0,0,1,1,56.039804,True,0.757
5,368,4,m,20,23-May-2016,Sub5_Trial368_0,0,2,2,-147.523354,True,0.757
5,368,4,m,20,23-May-2016,Sub5_Trial368_0,0,3,3,16.663446,True,0.757
5,368,4,m,20,23-May-2016,Sub5_Trial368_0,0,4,4,6.513539,True,0.757
5,368,4,m,20,23-May-2016,Sub5_Trial368_0,0,5,5,68.24,True,0.757
5,368,4,m,20,23-May-2016,Sub5_Trial368_0,0,6,6,31.039503,True,0.757
5,368,4,m,20,23-May-2016,Sub5_Trial368_1,1,0,0,80.502988,False,0.757
5,368,4,m,20,23-May-2016,Sub5_Trial368_1,1,1,1,-87.689816,False,0.757
5,368,4,m,20,23-May-2016,Sub5_Trial368_1,1,2,2,85.884059,False,0.757
5,368,4,m,20,23-May-2016,Sub5_Trial368_1,1,3,3,-139.239719,False,0.757
5,368,4,m,20,23-May-2016,Sub5_Trial368_1,1,4,4,-34.520327,False,0.757
5,368,4,m,20,23-May-2016,Sub5_Trial368_1,1,5,5,-112.135948,False,0.757
5,368,4,m,20,23-May-2016,Sub5_Trial368_1,1,6,6,-63.394132,False,0.757
5,369,4,m,20,23-May-2016,Sub5_Trial369_0,0,0,0,8.093062,False,2.062
5,369,4,m,20,23-May-2016,Sub5_Trial369_0,0,1,1,-55.835381,False,2.062
5,369,4,m,20,23-May-2016,Sub5_Trial369_0,0,2,2,-131.215773,False,2.062
5,369,4,m,20,23-May-2016,Sub5_Trial369_0,0,3,3,-57.27519699999999,False,2.062
5,369,4,m,20,23-May-2016,Sub5_Trial369_0,0,4,4,47.846366,False,2.062
5,369,4,m,20,23-May-2016,Sub5_Trial369_0,0,5,5,51.220951,False,2.062
5,369,4,m,20,23-May-2016,Sub5_Trial369_0,0,6,6,-6.719548,False,2.062
5,369,4,m,20,23-May-2016,Sub5_Trial369_1,1,0,0,71.633718,True,2.062
5,369,4,m,20,23-May-2016,Sub5_Trial369_1,1,1,1,-56.076105,True,2.062
5,369,4,m,20,23-May-2016,Sub5_Trial369_1,1,2,2,79.624263,True,2.062
5,369,4,m,20,23-May-2016,Sub5_Trial369_1,1,3,3,-75.096406,True,2.062
5,369,4,m,20,23-May-2016,Sub5_Trial369_1,1,4,4,-53.080122,True,2.062
5,369,4,m,20,23-May-2016,Sub5_Trial369_1,1,5,5,23.594549999999998,True,2.062
5,369,4,m,20,23-May-2016,Sub5_Trial369_1,1,6,6,61.04710800000001,True,2.062
5,370,4,m,20,23-May-2016,Sub5_Trial370_0,0,0,0,4.6272400000000005,False,1.424
5,370,4,m,20,23-May-2016,Sub5_Trial370_0,0,1,1,-81.805492,False,1.424
5,370,4,m,20,23-May-2016,Sub5_Trial370_0,0,2,2,93.966197,False,1.424
5,370,4,m,20,23-May-2016,Sub5_Trial370_0,0,3,3,54.010087,False,1.424
5,370,4,m,20,23-May-2016,Sub5_Trial370_0,0,4,4,50.385296,False,1.424
5,370,4,m,20,23-May-2016,Sub5_Trial370_0,0,5,5,57.203556,False,1.424
5,370,4,m,20,23-May-2016,Sub5_Trial370_0,0,6,6,67.680952,False,1.424
5,370,4,m,20,23-May-2016,Sub5_Trial370_1,1,0,0,-136.924626,True,1.424
5,370,4,m,20,23-May-2016,Sub5_Trial370_1,1,1,1,35.130086,True,1.424
5,370,4,m,20,23-May-2016,Sub5_Trial370_1,1,2,2,-72.232193,True,1.424
5,370,4,m,20,23-May-2016,Sub5_Trial370_1,1,3,3,105.918868,True,1.424
5,370,4,m,20,23-May-2016,Sub5_Trial370_1,1,4,4,-32.615236,True,1.424
5,370,4,m,20,23-May-2016,Sub5_Trial370_1,1,5,5,77.256482,True,1.424
5,370,4,m,20,23-May-2016,Sub5_Trial370_1,1,6,6,-122.311718,True,1.424
5,371,4,m,20,23-May-2016,Sub5_Trial371_0,0,0,0,-3.741294,False,1.081
5,371,4,m,20,23-May-2016,Sub5_Trial371_0,0,1,1,-111.804102,False,1.081
5,371,4,m,20,23-May-2016,Sub5_Trial371_0,0,2,2,-48.47981899999999,False,1.081
5,371,4,m,20,23-May-2016,Sub5_Trial371_0,0,3,3,33.243079,False,1.081
5,371,4,m,20,23-May-2016,Sub5_Trial371_0,0,4,4,-37.70595,False,1.081
5,371,4,m,20,23-May-2016,Sub5_Trial371_0,0,5,5,-24.166162999999997,False,1.081
5,371,4,m,20,23-May-2016,Sub5_Trial371_0,0,6,6,-73.752308,False,1.081
5,371,4,m,20,23-May-2016,Sub5_Trial371_1,1,0,0,44.44236000000001,True,1.081
5,371,4,m,20,23-May-2016,Sub5_Trial371_1,1,1,1,17.251988999999995,True,1.081
5,371,4,m,20,23-May-2016,Sub5_Trial371_1,1,2,2,126.52025,True,1.081
5,371,4,m,20,23-May-2016,Sub5_Trial371_1,1,3,3,27.892337999999995,True,1.081
5,371,4,m,20,23-May-2016,Sub5_Trial371_1,1,4,4,112.443815,True,1.081
5,371,4,m,20,23-May-2016,Sub5_Trial371_1,1,5,5,111.16919999999999,True,1.081
5,371,4,m,20,23-May-2016,Sub5_Trial371_1,1,6,6,-29.652807,True,1.081
5,372,4,m,20,23-May-2016,Sub5_Trial372_0,0,0,0,-66.969825,True,1.377
5,372,4,m,20,23-May-2016,Sub5_Trial372_0,0,1,1,-48.055813,True,1.377
5,372,4,m,20,23-May-2016,Sub5_Trial372_0,0,2,2,73.877318,True,1.377
5,372,4,m,20,23-May-2016,Sub5_Trial372_0,0,3,3,4.673324999999998,True,1.377
5,372,4,m,20,23-May-2016,Sub5_Trial372_0,0,4,4,-32.419497,True,1.377
5,372,4,m,20,23-May-2016,Sub5_Trial372_0,0,5,5,-22.345464,True,1.377
5,372,4,m,20,23-May-2016,Sub5_Trial372_0,0,6,6,42.359767,True,1.377
5,372,4,m,20,23-May-2016,Sub5_Trial372_1,1,0,0,48.465318,False,1.377
5,372,4,m,20,23-May-2016,Sub5_Trial372_1,1,1,1,18.995056,False,1.377
5,372,4,m,20,23-May-2016,Sub5_Trial372_1,1,2,2,-19.994802,False,1.377
5,372,4,m,20,23-May-2016,Sub5_Trial372_1,1,3,3,-64.201045,False,1.377
5,372,4,m,20,23-May-2016,Sub5_Trial372_1,1,4,4,-131.697402,False,1.377
5,372,4,m,20,23-May-2016,Sub5_Trial372_1,1,5,5,-78.019214,False,1.377
5,372,4,m,20,23-May-2016,Sub5_Trial372_1,1,6,6,44.518858,False,1.377
5,373,4,m,20,23-May-2016,Sub5_Trial373_0,0,0,0,-44.19007500000001,False,0.924
5,373,4,m,20,23-May-2016,Sub5_Trial373_0,0,1,1,-28.997602,False,0.924
5,373,4,m,20,23-May-2016,Sub5_Trial373_0,0,2,2,-124.05271199999999,False,0.924
5,373,4,m,20,23-May-2016,Sub5_Trial373_0,0,3,3,113.419687,False,0.924
5,373,4,m,20,23-May-2016,Sub5_Trial373_0,0,4,4,-128.525269,False,0.924
5,373,4,m,20,23-May-2016,Sub5_Trial373_0,0,5,5,61.303776,False,0.924
5,373,4,m,20,23-May-2016,Sub5_Trial373_0,0,6,6,-81.465633,False,0.924
5,373,4,m,20,23-May-2016,Sub5_Trial373_1,1,0,0,-25.969527,True,0.924
5,373,4,m,20,23-May-2016,Sub5_Trial373_1,1,1,1,40.714731,True,0.924
5,373,4,m,20,23-May-2016,Sub5_Trial373_1,1,2,2,-101.022745,True,0.924
5,373,4,m,20,23-May-2016,Sub5_Trial373_1,1,3,3,-113.427305,True,0.924
5,373,4,m,20,23-May-2016,Sub5_Trial373_1,1,4,4,-116.61709,True,0.924
5,373,4,m,20,23-May-2016,Sub5_Trial373_1,1,5,5,17.915723,True,0.924
5,373,4,m,20,23-May-2016,Sub5_Trial373_1,1,6,6,54.364772,True,0.924
5,374,4,m,20,23-May-2016,Sub5_Trial374_0,0,0,0,-40.431029,True,1.502
5,374,4,m,20,23-May-2016,Sub5_Trial374_0,0,1,1,-50.954905,True,1.502
5,374,4,m,20,23-May-2016,Sub5_Trial374_0,0,2,2,-47.49217300000001,True,1.502
5,374,4,m,20,23-May-2016,Sub5_Trial374_0,0,3,3,52.629769,True,1.502
5,374,4,m,20,23-May-2016,Sub5_Trial374_0,0,4,4,-5.044768000000001,True,1.502
5,374,4,m,20,23-May-2016,Sub5_Trial374_0,0,5,5,69.081188,True,1.502
5,374,4,m,20,23-May-2016,Sub5_Trial374_0,0,6,6,-19.390962000000002,True,1.502
5,374,4,m,20,23-May-2016,Sub5_Trial374_1,1,0,0,-66.043617,False,1.502
5,374,4,m,20,23-May-2016,Sub5_Trial374_1,1,1,1,114.283064,False,1.502
5,374,4,m,20,23-May-2016,Sub5_Trial374_1,1,2,2,116.60976299999999,False,1.502
5,374,4,m,20,23-May-2016,Sub5_Trial374_1,1,3,3,12.953941,False,1.502
5,374,4,m,20,23-May-2016,Sub5_Trial374_1,1,4,4,-111.730422,False,1.502
5,374,4,m,20,23-May-2016,Sub5_Trial374_1,1,5,5,1.6920520000000003,False,1.502
5,374,4,m,20,23-May-2016,Sub5_Trial374_1,1,6,6,65.896857,False,1.502
5,375,4,m,20,23-May-2016,Sub5_Trial375_0,0,0,0,-38.025666,True,0.794
5,375,4,m,20,23-May-2016,Sub5_Trial375_0,0,1,1,-19.519129,True,0.794
5,375,4,m,20,23-May-2016,Sub5_Trial375_0,0,2,2,80.36652,True,0.794
5,375,4,m,20,23-May-2016,Sub5_Trial375_0,0,3,3,110.045012,True,0.794
5,375,4,m,20,23-May-2016,Sub5_Trial375_0,0,4,4,8.733044,True,0.794
5,375,4,m,20,23-May-2016,Sub5_Trial375_0,0,5,5,97.271501,True,0.794
5,375,4,m,20,23-May-2016,Sub5_Trial375_0,0,6,6,15.557899,True,0.794
5,375,4,m,20,23-May-2016,Sub5_Trial375_1,1,0,0,-60.020969,False,0.794
5,375,4,m,20,23-May-2016,Sub5_Trial375_1,1,1,1,-40.322875,False,0.794
5,375,4,m,20,23-May-2016,Sub5_Trial375_1,1,2,2,-78.190916,False,0.794
5,375,4,m,20,23-May-2016,Sub5_Trial375_1,1,3,3,13.196179,False,0.794
5,375,4,m,20,23-May-2016,Sub5_Trial375_1,1,4,4,-71.437642,False,0.794
5,375,4,m,20,23-May-2016,Sub5_Trial375_1,1,5,5,-57.119228,False,0.794
5,375,4,m,20,23-May-2016,Sub5_Trial375_1,1,6,6,-3.305444999999999,False,0.794
5,376,4,m,20,23-May-2016,Sub5_Trial376_0,0,0,0,48.105554,True,2.858
5,376,4,m,20,23-May-2016,Sub5_Trial376_0,0,1,1,-89.428168,True,2.858
5,376,4,m,20,23-May-2016,Sub5_Trial376_0,0,2,2,66.105882,True,2.858
5,376,4,m,20,23-May-2016,Sub5_Trial376_0,0,3,3,110.29676799999999,True,2.858
5,376,4,m,20,23-May-2016,Sub5_Trial376_0,0,4,4,80.366222,True,2.858
5,376,4,m,20,23-May-2016,Sub5_Trial376_0,0,5,5,-50.82794,True,2.858
5,376,4,m,20,23-May-2016,Sub5_Trial376_0,0,6,6,115.28345100000001,True,2.858
5,376,4,m,20,23-May-2016,Sub5_Trial376_1,1,0,0,59.19211,False,2.858
5,376,4,m,20,23-May-2016,Sub5_Trial376_1,1,1,1,17.779217,False,2.858
5,376,4,m,20,23-May-2016,Sub5_Trial376_1,1,2,2,39.999943,False,2.858
5,376,4,m,20,23-May-2016,Sub5_Trial376_1,1,3,3,11.242397,False,2.858
5,376,4,m,20,23-May-2016,Sub5_Trial376_1,1,4,4,126.048126,False,2.858
5,376,4,m,20,23-May-2016,Sub5_Trial376_1,1,5,5,-126.035563,False,2.858
5,376,4,m,20,23-May-2016,Sub5_Trial376_1,1,6,6,101.046359,False,2.858
5,377,4,m,20,23-May-2016,Sub5_Trial377_0,0,0,0,125.32524,False,0.776
5,377,4,m,20,23-May-2016,Sub5_Trial377_0,0,1,1,-41.125029,False,0.776
5,377,4,m,20,23-May-2016,Sub5_Trial377_0,0,2,2,-13.672164000000002,False,0.776
5,377,4,m,20,23-May-2016,Sub5_Trial377_0,0,3,3,-46.219491000000005,False,0.776
5,377,4,m,20,23-May-2016,Sub5_Trial377_0,0,4,4,-48.52397500000001,False,0.776
5,377,4,m,20,23-May-2016,Sub5_Trial377_0,0,5,5,-8.940797,False,0.776
5,377,4,m,20,23-May-2016,Sub5_Trial377_0,0,6,6,-52.159988,False,0.776
5,377,4,m,20,23-May-2016,Sub5_Trial377_1,1,0,0,31.097510999999997,True,0.776
5,377,4,m,20,23-May-2016,Sub5_Trial377_1,1,1,1,11.076754000000001,True,0.776
5,377,4,m,20,23-May-2016,Sub5_Trial377_1,1,2,2,15.236535000000003,True,0.776
5,377,4,m,20,23-May-2016,Sub5_Trial377_1,1,3,3,-65.540179,True,0.776
5,377,4,m,20,23-May-2016,Sub5_Trial377_1,1,4,4,42.044088,True,0.776
5,377,4,m,20,23-May-2016,Sub5_Trial377_1,1,5,5,141.244529,True,0.776
5,377,4,m,20,23-May-2016,Sub5_Trial377_1,1,6,6,120.743675,True,0.776
5,378,4,m,20,23-May-2016,Sub5_Trial378_0,0,0,0,-100.134618,True,1.961
5,378,4,m,20,23-May-2016,Sub5_Trial378_0,0,1,1,-57.360416,True,1.961
5,378,4,m,20,23-May-2016,Sub5_Trial378_0,0,2,2,-89.592318,True,1.961
5,378,4,m,20,23-May-2016,Sub5_Trial378_0,0,3,3,104.418366,True,1.961
5,378,4,m,20,23-May-2016,Sub5_Trial378_0,0,4,4,36.744298,True,1.961
5,378,4,m,20,23-May-2016,Sub5_Trial378_0,0,5,5,86.933366,True,1.961
5,378,4,m,20,23-May-2016,Sub5_Trial378_0,0,6,6,20.438061,True,1.961
5,378,4,m,20,23-May-2016,Sub5_Trial378_1,1,0,0,-7.574197,False,1.961
5,378,4,m,20,23-May-2016,Sub5_Trial378_1,1,1,1,-87.808526,False,1.961
5,378,4,m,20,23-May-2016,Sub5_Trial378_1,1,2,2,-63.278353,False,1.961
5,378,4,m,20,23-May-2016,Sub5_Trial378_1,1,3,3,-23.870222,False,1.961
5,378,4,m,20,23-May-2016,Sub5_Trial378_1,1,4,4,-72.06013,False,1.961
5,378,4,m,20,23-May-2016,Sub5_Trial378_1,1,5,5,-67.354337,False,1.961
5,378,4,m,20,23-May-2016,Sub5_Trial378_1,1,6,6,-14.105596,False,1.961
5,379,4,m,20,23-May-2016,Sub5_Trial379_0,0,0,0,-60.50845,False,0.819
5,379,4,m,20,23-May-2016,Sub5_Trial379_0,0,1,1,29.167218,False,0.819
5,379,4,m,20,23-May-2016,Sub5_Trial379_0,0,2,2,106.352955,False,0.819
5,379,4,m,20,23-May-2016,Sub5_Trial379_0,0,3,3,148.427628,False,0.819
5,379,4,m,20,23-May-2016,Sub5_Trial379_0,0,4,4,72.012783,False,0.819
5,379,4,m,20,23-May-2016,Sub5_Trial379_0,0,5,5,7.720364,False,0.819
5,379,4,m,20,23-May-2016,Sub5_Trial379_0,0,6,6,-149.823319,False,0.819
5,379,4,m,20,23-May-2016,Sub5_Trial379_1,1,0,0,-96.374667,True,0.819
5,379,4,m,20,23-May-2016,Sub5_Trial379_1,1,1,1,17.54791,True,0.819
5,379,4,m,20,23-May-2016,Sub5_Trial379_1,1,2,2,-88.283669,True,0.819
5,379,4,m,20,23-May-2016,Sub5_Trial379_1,1,3,3,-100.790238,True,0.819
5,379,4,m,20,23-May-2016,Sub5_Trial379_1,1,4,4,17.125856,True,0.819
5,379,4,m,20,23-May-2016,Sub5_Trial379_1,1,5,5,72.04649,True,0.819
5,379,4,m,20,23-May-2016,Sub5_Trial379_1,1,6,6,41.690765,True,0.819
5,380,4,m,20,23-May-2016,Sub5_Trial380_0,0,0,0,-57.441976,True,0.612
5,380,4,m,20,23-May-2016,Sub5_Trial380_0,0,1,1,-0.8979740000000014,True,0.612
5,380,4,m,20,23-May-2016,Sub5_Trial380_0,0,2,2,-32.780593,True,0.612
5,380,4,m,20,23-May-2016,Sub5_Trial380_0,0,3,3,-7.642143000000001,True,0.612
5,380,4,m,20,23-May-2016,Sub5_Trial380_0,0,4,4,57.89546,True,0.612
5,380,4,m,20,23-May-2016,Sub5_Trial380_0,0,5,5,77.805601,True,0.612
5,380,4,m,20,23-May-2016,Sub5_Trial380_0,0,6,6,-90.993256,True,0.612
5,380,4,m,20,23-May-2016,Sub5_Trial380_1,1,0,0,69.747233,False,0.612
5,380,4,m,20,23-May-2016,Sub5_Trial380_1,1,1,1,54.491574,False,0.612
5,380,4,m,20,23-May-2016,Sub5_Trial380_1,1,2,2,123.049182,False,0.612
5,380,4,m,20,23-May-2016,Sub5_Trial380_1,1,3,3,-102.998235,False,0.612
5,380,4,m,20,23-May-2016,Sub5_Trial380_1,1,4,4,53.296069,False,0.612
5,380,4,m,20,23-May-2016,Sub5_Trial380_1,1,5,5,-103.551816,False,0.612
5,380,4,m,20,23-May-2016,Sub5_Trial380_1,1,6,6,134.287982,False,0.612
5,381,4,m,20,23-May-2016,Sub5_Trial381_0,0,0,0,137.676243,True,1.04
5,381,4,m,20,23-May-2016,Sub5_Trial381_0,0,1,1,26.97359,True,1.04
5,381,4,m,20,23-May-2016,Sub5_Trial381_0,0,2,2,22.60347,True,1.04
5,381,4,m,20,23-May-2016,Sub5_Trial381_0,0,3,3,47.408975999999996,True,1.04
5,381,4,m,20,23-May-2016,Sub5_Trial381_0,0,4,4,8.944260999999997,True,1.04
5,381,4,m,20,23-May-2016,Sub5_Trial381_0,0,5,5,53.019971,True,1.04
5,381,4,m,20,23-May-2016,Sub5_Trial381_0,0,6,6,141.961518,True,1.04
5,381,4,m,20,23-May-2016,Sub5_Trial381_1,1,0,0,22.717277,False,1.04
5,381,4,m,20,23-May-2016,Sub5_Trial381_1,1,1,1,-47.203417,False,1.04
5,381,4,m,20,23-May-2016,Sub5_Trial381_1,1,2,2,-33.227239,False,1.04
5,381,4,m,20,23-May-2016,Sub5_Trial381_1,1,3,3,-39.258072,False,1.04
5,381,4,m,20,23-May-2016,Sub5_Trial381_1,1,4,4,16.619217,False,1.04
5,381,4,m,20,23-May-2016,Sub5_Trial381_1,1,5,5,26.630843,False,1.04
5,381,4,m,20,23-May-2016,Sub5_Trial381_1,1,6,6,40.701065,False,1.04
5,382,4,m,20,23-May-2016,Sub5_Trial382_0,0,0,0,85.616186,True,0.689
5,382,4,m,20,23-May-2016,Sub5_Trial382_0,0,1,1,-57.397251,True,0.689
5,382,4,m,20,23-May-2016,Sub5_Trial382_0,0,2,2,-36.580281,True,0.689
5,382,4,m,20,23-May-2016,Sub5_Trial382_0,0,3,3,-32.682023,True,0.689
5,382,4,m,20,23-May-2016,Sub5_Trial382_0,0,4,4,96.701376,True,0.689
5,382,4,m,20,23-May-2016,Sub5_Trial382_0,0,5,5,-10.859864,True,0.689
5,382,4,m,20,23-May-2016,Sub5_Trial382_0,0,6,6,94.887026,True,0.689
5,382,4,m,20,23-May-2016,Sub5_Trial382_1,1,0,0,-92.280968,False,0.689
5,382,4,m,20,23-May-2016,Sub5_Trial382_1,1,1,1,-117.852297,False,0.689
5,382,4,m,20,23-May-2016,Sub5_Trial382_1,1,2,2,59.51353,False,0.689
5,382,4,m,20,23-May-2016,Sub5_Trial382_1,1,3,3,-66.661366,False,0.689
5,382,4,m,20,23-May-2016,Sub5_Trial382_1,1,4,4,-7.162534000000001,False,0.689
5,382,4,m,20,23-May-2016,Sub5_Trial382_1,1,5,5,-22.587587,False,0.689
5,382,4,m,20,23-May-2016,Sub5_Trial382_1,1,6,6,10.306246,False,0.689
5,383,4,m,20,23-May-2016,Sub5_Trial383_0,0,0,0,-59.54379900000001,True,1.777
5,383,4,m,20,23-May-2016,Sub5_Trial383_0,0,1,1,38.477454,True,1.777
5,383,4,m,20,23-May-2016,Sub5_Trial383_0,0,2,2,20.239481,True,1.777
5,383,4,m,20,23-May-2016,Sub5_Trial383_0,0,3,3,-133.192357,True,1.777
5,383,4,m,20,23-May-2016,Sub5_Trial383_0,0,4,4,26.364942,True,1.777
5,383,4,m,20,23-May-2016,Sub5_Trial383_0,0,5,5,94.143682,True,1.777
5,383,4,m,20,23-May-2016,Sub5_Trial383_0,0,6,6,1.2512809999999988,True,1.777
5,383,4,m,20,23-May-2016,Sub5_Trial383_1,1,0,0,-7.932948,False,1.777
5,383,4,m,20,23-May-2016,Sub5_Trial383_1,1,1,1,-120.438289,False,1.777
5,383,4,m,20,23-May-2016,Sub5_Trial383_1,1,2,2,25.311184999999995,False,1.777
5,383,4,m,20,23-May-2016,Sub5_Trial383_1,1,3,3,-25.354413,False,1.777
5,383,4,m,20,23-May-2016,Sub5_Trial383_1,1,4,4,19.016935000000004,False,1.777
5,383,4,m,20,23-May-2016,Sub5_Trial383_1,1,5,5,-115.937359,False,1.777
5,383,4,m,20,23-May-2016,Sub5_Trial383_1,1,6,6,8.984622000000002,False,1.777
5,384,4,m,20,23-May-2016,Sub5_Trial384_0,0,0,0,68.960698,False,0.886
5,384,4,m,20,23-May-2016,Sub5_Trial384_0,0,1,1,-15.588853,False,0.886
5,384,4,m,20,23-May-2016,Sub5_Trial384_0,0,2,2,29.198573,False,0.886
5,384,4,m,20,23-May-2016,Sub5_Trial384_0,0,3,3,-90.999347,False,0.886
5,384,4,m,20,23-May-2016,Sub5_Trial384_0,0,4,4,0.8276980000000016,False,0.886
5,384,4,m,20,23-May-2016,Sub5_Trial384_0,0,5,5,42.189549,False,0.886
5,384,4,m,20,23-May-2016,Sub5_Trial384_0,0,6,6,-85.47194,False,0.886
5,384,4,m,20,23-May-2016,Sub5_Trial384_1,1,0,0,-82.735246,True,0.886
5,384,4,m,20,23-May-2016,Sub5_Trial384_1,1,1,1,67.17582,True,0.886
5,384,4,m,20,23-May-2016,Sub5_Trial384_1,1,2,2,56.127241,True,0.886
5,384,4,m,20,23-May-2016,Sub5_Trial384_1,1,3,3,-41.266587,True,0.886
5,384,4,m,20,23-May-2016,Sub5_Trial384_1,1,4,4,51.718074,True,0.886
5,384,4,m,20,23-May-2016,Sub5_Trial384_1,1,5,5,35.743917,True,0.886
5,384,4,m,20,23-May-2016,Sub5_Trial384_1,1,6,6,-74.781447,True,0.886
5,385,4,m,20,23-May-2016,Sub5_Trial385_0,0,0,0,5.456147999999999,False,0.77
5,385,4,m,20,23-May-2016,Sub5_Trial385_0,0,1,1,77.393557,False,0.77
5,385,4,m,20,23-May-2016,Sub5_Trial385_0,0,2,2,-47.232327999999995,False,0.77
5,385,4,m,20,23-May-2016,Sub5_Trial385_0,0,3,3,37.360721,False,0.77
5,385,4,m,20,23-May-2016,Sub5_Trial385_0,0,4,4,66.01569,False,0.77
5,385,4,m,20,23-May-2016,Sub5_Trial385_0,0,5,5,-87.836216,False,0.77
5,385,4,m,20,23-May-2016,Sub5_Trial385_0,0,6,6,29.371855,False,0.77
5,385,4,m,20,23-May-2016,Sub5_Trial385_1,1,0,0,0.4430499999999995,True,0.77
5,385,4,m,20,23-May-2016,Sub5_Trial385_1,1,1,1,98.135814,True,0.77
5,385,4,m,20,23-May-2016,Sub5_Trial385_1,1,2,2,71.712457,True,0.77
5,385,4,m,20,23-May-2016,Sub5_Trial385_1,1,3,3,-73.715459,True,0.77
5,385,4,m,20,23-May-2016,Sub5_Trial385_1,1,4,4,-36.846351,True,0.77
5,385,4,m,20,23-May-2016,Sub5_Trial385_1,1,5,5,-44.224792,True,0.77
5,385,4,m,20,23-May-2016,Sub5_Trial385_1,1,6,6,35.83917,True,0.77
5,386,4,m,20,23-May-2016,Sub5_Trial386_0,0,0,0,13.221580000000003,False,4.483
5,386,4,m,20,23-May-2016,Sub5_Trial386_0,0,1,1,-12.311271,False,4.483
5,386,4,m,20,23-May-2016,Sub5_Trial386_0,0,2,2,-16.510571,False,4.483
5,386,4,m,20,23-May-2016,Sub5_Trial386_0,0,3,3,98.813084,False,4.483
5,386,4,m,20,23-May-2016,Sub5_Trial386_0,0,4,4,30.777630000000002,False,4.483
5,386,4,m,20,23-May-2016,Sub5_Trial386_0,0,5,5,59.10350600000001,False,4.483
5,386,4,m,20,23-May-2016,Sub5_Trial386_0,0,6,6,14.565589000000003,False,4.483
5,386,4,m,20,23-May-2016,Sub5_Trial386_1,1,0,0,-39.626794,True,4.483
5,386,4,m,20,23-May-2016,Sub5_Trial386_1,1,1,1,30.473463,True,4.483
5,386,4,m,20,23-May-2016,Sub5_Trial386_1,1,2,2,-88.308155,True,4.483
5,386,4,m,20,23-May-2016,Sub5_Trial386_1,1,3,3,69.840299,True,4.483
5,386,4,m,20,23-May-2016,Sub5_Trial386_1,1,4,4,-46.516081,True,4.483
5,386,4,m,20,23-May-2016,Sub5_Trial386_1,1,5,5,118.428279,True,4.483
5,386,4,m,20,23-May-2016,Sub5_Trial386_1,1,6,6,14.190014,True,4.483
5,387,4,m,20,23-May-2016,Sub5_Trial387_0,0,0,0,23.339604,False,0.531
5,387,4,m,20,23-May-2016,Sub5_Trial387_0,0,1,1,40.943236,False,0.531
5,387,4,m,20,23-May-2016,Sub5_Trial387_0,0,2,2,94.721102,False,0.531
5,387,4,m,20,23-May-2016,Sub5_Trial387_0,0,3,3,-145.444991,False,0.531
5,387,4,m,20,23-May-2016,Sub5_Trial387_0,0,4,4,-100.82563,False,0.531
5,387,4,m,20,23-May-2016,Sub5_Trial387_0,0,5,5,-14.469741999999997,False,0.531
5,387,4,m,20,23-May-2016,Sub5_Trial387_0,0,6,6,-114.162136,False,0.531
5,387,4,m,20,23-May-2016,Sub5_Trial387_1,1,0,0,-100.101704,True,0.531
5,387,4,m,20,23-May-2016,Sub5_Trial387_1,1,1,1,-55.285633,True,0.531
5,387,4,m,20,23-May-2016,Sub5_Trial387_1,1,2,2,128.091525,True,0.531
5,387,4,m,20,23-May-2016,Sub5_Trial387_1,1,3,3,14.059437000000003,True,0.531
5,387,4,m,20,23-May-2016,Sub5_Trial387_1,1,4,4,-93.155441,True,0.531
5,387,4,m,20,23-May-2016,Sub5_Trial387_1,1,5,5,29.703559999999996,True,0.531
5,387,4,m,20,23-May-2016,Sub5_Trial387_1,1,6,6,12.197896,True,0.531
5,388,4,m,20,23-May-2016,Sub5_Trial388_0,0,0,0,69.55674,True,2.24
5,388,4,m,20,23-May-2016,Sub5_Trial388_0,0,1,1,141.985388,True,2.24
5,388,4,m,20,23-May-2016,Sub5_Trial388_0,0,2,2,95.630026,True,2.24
5,388,4,m,20,23-May-2016,Sub5_Trial388_0,0,3,3,-24.594676,True,2.24
5,388,4,m,20,23-May-2016,Sub5_Trial388_0,0,4,4,-29.230006,True,2.24
5,388,4,m,20,23-May-2016,Sub5_Trial388_0,0,5,5,-46.879557,True,2.24
5,388,4,m,20,23-May-2016,Sub5_Trial388_0,0,6,6,-26.574534,True,2.24
5,388,4,m,20,23-May-2016,Sub5_Trial388_1,1,0,0,67.258807,False,2.24
5,388,4,m,20,23-May-2016,Sub5_Trial388_1,1,1,1,129.477455,False,2.24
5,388,4,m,20,23-May-2016,Sub5_Trial388_1,1,2,2,-22.682217,False,2.24
5,388,4,m,20,23-May-2016,Sub5_Trial388_1,1,3,3,83.776048,False,2.24
5,388,4,m,20,23-May-2016,Sub5_Trial388_1,1,4,4,-100.906945,False,2.24
5,388,4,m,20,23-May-2016,Sub5_Trial388_1,1,5,5,29.457405,False,2.24
5,388,4,m,20,23-May-2016,Sub5_Trial388_1,1,6,6,-40.470854,False,2.24
5,389,4,m,20,23-May-2016,Sub5_Trial389_0,0,0,0,68.19784,False,0.519
5,389,4,m,20,23-May-2016,Sub5_Trial389_0,0,1,1,56.806284,False,0.519
5,389,4,m,20,23-May-2016,Sub5_Trial389_0,0,2,2,7.773004,False,0.519
5,389,4,m,20,23-May-2016,Sub5_Trial389_0,0,3,3,-17.550787999999997,False,0.519
5,389,4,m,20,23-May-2016,Sub5_Trial389_0,0,4,4,-39.946538,False,0.519
5,389,4,m,20,23-May-2016,Sub5_Trial389_0,0,5,5,-34.594455,False,0.519
5,389,4,m,20,23-May-2016,Sub5_Trial389_0,0,6,6,-53.062009,False,0.519
5,389,4,m,20,23-May-2016,Sub5_Trial389_1,1,0,0,83.554688,True,0.519
5,389,4,m,20,23-May-2016,Sub5_Trial389_1,1,1,1,-5.280681999999999,True,0.519
5,389,4,m,20,23-May-2016,Sub5_Trial389_1,1,2,2,-6.714511999999999,True,0.519
5,389,4,m,20,23-May-2016,Sub5_Trial389_1,1,3,3,-59.060308,True,0.519
5,389,4,m,20,23-May-2016,Sub5_Trial389_1,1,4,4,-21.539332,True,0.519
5,389,4,m,20,23-May-2016,Sub5_Trial389_1,1,5,5,56.25735399999999,True,0.519
5,389,4,m,20,23-May-2016,Sub5_Trial389_1,1,6,6,100.664374,True,0.519
5,390,4,m,20,23-May-2016,Sub5_Trial390_0,0,0,0,-11.60743,True,0.908
5,390,4,m,20,23-May-2016,Sub5_Trial390_0,0,1,1,-4.237786,True,0.908
5,390,4,m,20,23-May-2016,Sub5_Trial390_0,0,2,2,79.522438,True,0.908
5,390,4,m,20,23-May-2016,Sub5_Trial390_0,0,3,3,29.009394,True,0.908
5,390,4,m,20,23-May-2016,Sub5_Trial390_0,0,4,4,80.579898,True,0.908
5,390,4,m,20,23-May-2016,Sub5_Trial390_0,0,5,5,35.798105,True,0.908
5,390,4,m,20,23-May-2016,Sub5_Trial390_0,0,6,6,15.136811,True,0.908
5,390,4,m,20,23-May-2016,Sub5_Trial390_1,1,0,0,50.49604099999999,False,0.908
5,390,4,m,20,23-May-2016,Sub5_Trial390_1,1,1,1,13.217711000000001,False,0.908
5,390,4,m,20,23-May-2016,Sub5_Trial390_1,1,2,2,-32.309322,False,0.908
5,390,4,m,20,23-May-2016,Sub5_Trial390_1,1,3,3,93.900201,False,0.908
5,390,4,m,20,23-May-2016,Sub5_Trial390_1,1,4,4,-85.297731,False,0.908
5,390,4,m,20,23-May-2016,Sub5_Trial390_1,1,5,5,13.637737999999999,False,0.908
5,390,4,m,20,23-May-2016,Sub5_Trial390_1,1,6,6,12.265552999999997,False,0.908
5,391,4,m,20,23-May-2016,Sub5_Trial391_0,0,0,0,-35.685848,False,0.568
5,391,4,m,20,23-May-2016,Sub5_Trial391_0,0,1,1,-8.467632000000002,False,0.568
5,391,4,m,20,23-May-2016,Sub5_Trial391_0,0,2,2,50.395812,False,0.568
5,391,4,m,20,23-May-2016,Sub5_Trial391_0,0,3,3,-14.952244999999998,False,0.568
5,391,4,m,20,23-May-2016,Sub5_Trial391_0,0,4,4,93.209673,False,0.568
5,391,4,m,20,23-May-2016,Sub5_Trial391_0,0,5,5,-57.35402400000001,False,0.568
5,391,4,m,20,23-May-2016,Sub5_Trial391_0,0,6,6,-80.454473,False,0.568
5,391,4,m,20,23-May-2016,Sub5_Trial391_1,1,0,0,-2.541246000000001,True,0.568
5,391,4,m,20,23-May-2016,Sub5_Trial391_1,1,1,1,47.683367000000004,True,0.568
5,391,4,m,20,23-May-2016,Sub5_Trial391_1,1,2,2,31.536057999999997,True,0.568
5,391,4,m,20,23-May-2016,Sub5_Trial391_1,1,3,3,53.86111600000001,True,0.568
5,391,4,m,20,23-May-2016,Sub5_Trial391_1,1,4,4,-3.430910000000001,True,0.568
5,391,4,m,20,23-May-2016,Sub5_Trial391_1,1,5,5,77.765785,True,0.568
5,391,4,m,20,23-May-2016,Sub5_Trial391_1,1,6,6,-51.508222,True,0.568
5,392,4,m,20,23-May-2016,Sub5_Trial392_0,0,0,0,-14.957343999999999,False,1.078
5,392,4,m,20,23-May-2016,Sub5_Trial392_0,0,1,1,4.477979999999999,False,1.078
5,392,4,m,20,23-May-2016,Sub5_Trial392_0,0,2,2,48.825755,False,1.078
5,392,4,m,20,23-May-2016,Sub5_Trial392_0,0,3,3,-83.24405,False,1.078
5,392,4,m,20,23-May-2016,Sub5_Trial392_0,0,4,4,-111.793518,False,1.078
5,392,4,m,20,23-May-2016,Sub5_Trial392_0,0,5,5,4.213011999999999,False,1.078
5,392,4,m,20,23-May-2016,Sub5_Trial392_0,0,6,6,75.360049,False,1.078
5,392,4,m,20,23-May-2016,Sub5_Trial392_1,1,0,0,-28.525741,True,1.078
5,392,4,m,20,23-May-2016,Sub5_Trial392_1,1,1,1,59.641447,True,1.078
5,392,4,m,20,23-May-2016,Sub5_Trial392_1,1,2,2,-14.884547,True,1.078
5,392,4,m,20,23-May-2016,Sub5_Trial392_1,1,3,3,49.46511000000001,True,1.078
5,392,4,m,20,23-May-2016,Sub5_Trial392_1,1,4,4,1.0046479999999995,True,1.078
5,392,4,m,20,23-May-2016,Sub5_Trial392_1,1,5,5,16.735912,True,1.078
5,392,4,m,20,23-May-2016,Sub5_Trial392_1,1,6,6,56.456301999999994,True,1.078
5,393,4,m,20,23-May-2016,Sub5_Trial393_0,0,0,0,-52.12239099999999,False,0.955
5,393,4,m,20,23-May-2016,Sub5_Trial393_0,0,1,1,-57.778818,False,0.955
5,393,4,m,20,23-May-2016,Sub5_Trial393_0,0,2,2,-50.461186,False,0.955
5,393,4,m,20,23-May-2016,Sub5_Trial393_0,0,3,3,-2.8640529999999984,False,0.955
5,393,4,m,20,23-May-2016,Sub5_Trial393_0,0,4,4,54.40787,False,0.955
5,393,4,m,20,23-May-2016,Sub5_Trial393_0,0,5,5,-71.856317,False,0.955
5,393,4,m,20,23-May-2016,Sub5_Trial393_0,0,6,6,-35.830094,False,0.955
5,393,4,m,20,23-May-2016,Sub5_Trial393_1,1,0,0,-10.341871,True,0.955
5,393,4,m,20,23-May-2016,Sub5_Trial393_1,1,1,1,53.040685999999994,True,0.955
5,393,4,m,20,23-May-2016,Sub5_Trial393_1,1,2,2,20.062240000000003,True,0.955
5,393,4,m,20,23-May-2016,Sub5_Trial393_1,1,3,3,-19.284279,True,0.955
5,393,4,m,20,23-May-2016,Sub5_Trial393_1,1,4,4,-37.767546,True,0.955
5,393,4,m,20,23-May-2016,Sub5_Trial393_1,1,5,5,113.265062,True,0.955
5,393,4,m,20,23-May-2016,Sub5_Trial393_1,1,6,6,-60.039846,True,0.955
5,394,4,m,20,23-May-2016,Sub5_Trial394_0,0,0,0,-36.642061,False,0.752
5,394,4,m,20,23-May-2016,Sub5_Trial394_0,0,1,1,54.84656699999999,False,0.752
5,394,4,m,20,23-May-2016,Sub5_Trial394_0,0,2,2,64.913447,False,0.752
5,394,4,m,20,23-May-2016,Sub5_Trial394_0,0,3,3,19.601506999999998,False,0.752
5,394,4,m,20,23-May-2016,Sub5_Trial394_0,0,4,4,61.07211000000001,False,0.752
5,394,4,m,20,23-May-2016,Sub5_Trial394_0,0,5,5,14.933438000000002,False,0.752
5,394,4,m,20,23-May-2016,Sub5_Trial394_0,0,6,6,-61.60915,False,0.752
5,394,4,m,20,23-May-2016,Sub5_Trial394_1,1,0,0,-14.558823000000004,True,0.752
5,394,4,m,20,23-May-2016,Sub5_Trial394_1,1,1,1,-135.301436,True,0.752
5,394,4,m,20,23-May-2016,Sub5_Trial394_1,1,2,2,11.298097,True,0.752
5,394,4,m,20,23-May-2016,Sub5_Trial394_1,1,3,3,-52.144256,True,0.752
5,394,4,m,20,23-May-2016,Sub5_Trial394_1,1,4,4,1.1419309999999996,True,0.752
5,394,4,m,20,23-May-2016,Sub5_Trial394_1,1,5,5,129.414551,True,0.752
5,394,4,m,20,23-May-2016,Sub5_Trial394_1,1,6,6,-7.693297000000001,True,0.752
5,395,4,m,20,23-May-2016,Sub5_Trial395_0,0,0,0,-5.021656,True,5.921
5,395,4,m,20,23-May-2016,Sub5_Trial395_0,0,1,1,-105.488395,True,5.921
5,395,4,m,20,23-May-2016,Sub5_Trial395_0,0,2,2,71.378439,True,5.921
5,395,4,m,20,23-May-2016,Sub5_Trial395_0,0,3,3,-69.592336,True,5.921
5,395,4,m,20,23-May-2016,Sub5_Trial395_0,0,4,4,1.056635,True,5.921
5,395,4,m,20,23-May-2016,Sub5_Trial395_0,0,5,5,70.241445,True,5.921
5,395,4,m,20,23-May-2016,Sub5_Trial395_0,0,6,6,-49.86371,True,5.921
5,395,4,m,20,23-May-2016,Sub5_Trial395_1,1,0,0,16.287889,False,5.921
5,395,4,m,20,23-May-2016,Sub5_Trial395_1,1,1,1,-51.375524,False,5.921
5,395,4,m,20,23-May-2016,Sub5_Trial395_1,1,2,2,-58.179598,False,5.921
5,395,4,m,20,23-May-2016,Sub5_Trial395_1,1,3,3,-128.421899,False,5.921
5,395,4,m,20,23-May-2016,Sub5_Trial395_1,1,4,4,-30.179715,False,5.921
5,395,4,m,20,23-May-2016,Sub5_Trial395_1,1,5,5,81.657484,False,5.921
5,395,4,m,20,23-May-2016,Sub5_Trial395_1,1,6,6,-44.29903899999999,False,5.921
5,396,4,m,20,23-May-2016,Sub5_Trial396_0,0,0,0,10.021874,False,2.32
5,396,4,m,20,23-May-2016,Sub5_Trial396_0,0,1,1,26.721599999999995,False,2.32
5,396,4,m,20,23-May-2016,Sub5_Trial396_0,0,2,2,-43.701525,False,2.32
5,396,4,m,20,23-May-2016,Sub5_Trial396_0,0,3,3,-67.411982,False,2.32
5,396,4,m,20,23-May-2016,Sub5_Trial396_0,0,4,4,-24.563862,False,2.32
5,396,4,m,20,23-May-2016,Sub5_Trial396_0,0,5,5,-19.93994,False,2.32
5,396,4,m,20,23-May-2016,Sub5_Trial396_0,0,6,6,86.071336,False,2.32
5,396,4,m,20,23-May-2016,Sub5_Trial396_1,1,0,0,4.18017,True,2.32
5,396,4,m,20,23-May-2016,Sub5_Trial396_1,1,1,1,-107.03414,True,2.32
5,396,4,m,20,23-May-2016,Sub5_Trial396_1,1,2,2,-8.168199000000001,True,2.32
5,396,4,m,20,23-May-2016,Sub5_Trial396_1,1,3,3,-36.396843,True,2.32
5,396,4,m,20,23-May-2016,Sub5_Trial396_1,1,4,4,67.959704,True,2.32
5,396,4,m,20,23-May-2016,Sub5_Trial396_1,1,5,5,86.941658,True,2.32
5,396,4,m,20,23-May-2016,Sub5_Trial396_1,1,6,6,47.750586,True,2.32
5,397,4,m,20,23-May-2016,Sub5_Trial397_0,0,0,0,4.142030999999999,True,1.252
5,397,4,m,20,23-May-2016,Sub5_Trial397_0,0,1,1,32.748784,True,1.252
5,397,4,m,20,23-May-2016,Sub5_Trial397_0,0,2,2,59.229209,True,1.252
5,397,4,m,20,23-May-2016,Sub5_Trial397_0,0,3,3,14.896292,True,1.252
5,397,4,m,20,23-May-2016,Sub5_Trial397_0,0,4,4,-2.8426240000000007,True,1.252
5,397,4,m,20,23-May-2016,Sub5_Trial397_0,0,5,5,-41.036506,True,1.252
5,397,4,m,20,23-May-2016,Sub5_Trial397_0,0,6,6,72.489396,True,1.252
5,397,4,m,20,23-May-2016,Sub5_Trial397_1,1,0,0,-77.614441,False,1.252
5,397,4,m,20,23-May-2016,Sub5_Trial397_1,1,1,1,-4.103284,False,1.252
5,397,4,m,20,23-May-2016,Sub5_Trial397_1,1,2,2,-7.672528,False,1.252
5,397,4,m,20,23-May-2016,Sub5_Trial397_1,1,3,3,60.617711,False,1.252
5,397,4,m,20,23-May-2016,Sub5_Trial397_1,1,4,4,15.684921000000003,False,1.252
5,397,4,m,20,23-May-2016,Sub5_Trial397_1,1,5,5,-27.702329,False,1.252
5,397,4,m,20,23-May-2016,Sub5_Trial397_1,1,6,6,-23.581056,False,1.252
5,397,5,m,20,23-May-2016,Sub5_Trial397_0,0,0,0,4.142030999999999,False,5.5
5,397,5,m,20,23-May-2016,Sub5_Trial397_0,0,1,1,32.748784,False,5.5
5,397,5,m,20,23-May-2016,Sub5_Trial397_0,0,2,2,59.229209,False,5.5
5,397,5,m,20,23-May-2016,Sub5_Trial397_0,0,3,3,14.896292,False,5.5
5,397,5,m,20,23-May-2016,Sub5_Trial397_0,0,4,4,-2.8426240000000007,False,5.5
5,397,5,m,20,23-May-2016,Sub5_Trial397_0,0,5,5,-41.036506,False,5.5
5,397,5,m,20,23-May-2016,Sub5_Trial397_0,0,6,6,72.489396,False,5.5
5,397,5,m,20,23-May-2016,Sub5_Trial397_1,1,0,0,-77.614441,True,5.5
5,397,5,m,20,23-May-2016,Sub5_Trial397_1,1,1,1,-4.103284,True,5.5
5,397,5,m,20,23-May-2016,Sub5_Trial397_1,1,2,2,-7.672528,True,5.5
5,397,5,m,20,23-May-2016,Sub5_Trial397_1,1,3,3,60.617711,True,5.5
5,397,5,m,20,23-May-2016,Sub5_Trial397_1,1,4,4,15.684921000000003,True,5.5
5,397,5,m,20,23-May-2016,Sub5_Trial397_1,1,5,5,-27.702329,True,5.5
5,397,5,m,20,23-May-2016,Sub5_Trial397_1,1,6,6,-23.581056,True,5.5
5,398,5,m,20,23-May-2016,Sub5_Trial398_0,0,0,0,25.071812,False,0.79
5,398,5,m,20,23-May-2016,Sub5_Trial398_0,0,1,1,10.507779,False,0.79
5,398,5,m,20,23-May-2016,Sub5_Trial398_0,0,2,2,83.022754,False,0.79
5,398,5,m,20,23-May-2016,Sub5_Trial398_0,0,3,3,42.671348,False,0.79
5,398,5,m,20,23-May-2016,Sub5_Trial398_0,0,4,4,-77.864439,False,0.79
5,398,5,m,20,23-May-2016,Sub5_Trial398_0,0,5,5,60.01468,False,0.79
5,398,5,m,20,23-May-2016,Sub5_Trial398_0,0,6,6,31.094435,False,0.79
5,398,5,m,20,23-May-2016,Sub5_Trial398_1,1,0,0,97.587695,True,0.79
5,398,5,m,20,23-May-2016,Sub5_Trial398_1,1,1,1,-59.496263,True,0.79
5,398,5,m,20,23-May-2016,Sub5_Trial398_1,1,2,2,-13.587332,True,0.79
5,398,5,m,20,23-May-2016,Sub5_Trial398_1,1,3,3,115.022223,True,0.79
5,398,5,m,20,23-May-2016,Sub5_Trial398_1,1,4,4,37.683159,True,0.79
5,398,5,m,20,23-May-2016,Sub5_Trial398_1,1,5,5,20.578865,True,0.79
5,398,5,m,20,23-May-2016,Sub5_Trial398_1,1,6,6,-46.808444,True,0.79
5,399,5,m,20,23-May-2016,Sub5_Trial399_0,0,0,0,54.85288299999999,True,5.074
5,399,5,m,20,23-May-2016,Sub5_Trial399_0,0,1,1,23.697145,True,5.074
5,399,5,m,20,23-May-2016,Sub5_Trial399_0,0,2,2,1.5067200000000014,True,5.074
5,399,5,m,20,23-May-2016,Sub5_Trial399_0,0,3,3,-128.429288,True,5.074
5,399,5,m,20,23-May-2016,Sub5_Trial399_0,0,4,4,1.7908010000000019,True,5.074
5,399,5,m,20,23-May-2016,Sub5_Trial399_0,0,5,5,20.956773,True,5.074
5,399,5,m,20,23-May-2016,Sub5_Trial399_0,0,6,6,81.525871,True,5.074
5,399,5,m,20,23-May-2016,Sub5_Trial399_1,1,0,0,42.632241,False,5.074
5,399,5,m,20,23-May-2016,Sub5_Trial399_1,1,1,1,35.199815,False,5.074
5,399,5,m,20,23-May-2016,Sub5_Trial399_1,1,2,2,66.825856,False,5.074
5,399,5,m,20,23-May-2016,Sub5_Trial399_1,1,3,3,-27.93954,False,5.074
5,399,5,m,20,23-May-2016,Sub5_Trial399_1,1,4,4,-14.482452000000002,False,5.074
5,399,5,m,20,23-May-2016,Sub5_Trial399_1,1,5,5,84.263691,False,5.074
5,399,5,m,20,23-May-2016,Sub5_Trial399_1,1,6,6,-20.091211,False,5.074
5,400,5,m,20,23-May-2016,Sub5_Trial400_0,0,0,0,146.302952,False,0.831
5,400,5,m,20,23-May-2016,Sub5_Trial400_0,0,1,1,-116.90987799999999,False,0.831
5,400,5,m,20,23-May-2016,Sub5_Trial400_0,0,2,2,-86.58303,False,0.831
5,400,5,m,20,23-May-2016,Sub5_Trial400_0,0,3,3,-105.357002,False,0.831
5,400,5,m,20,23-May-2016,Sub5_Trial400_0,0,4,4,-15.467551,False,0.831
5,400,5,m,20,23-May-2016,Sub5_Trial400_0,0,5,5,-9.795572999999997,False,0.831
5,400,5,m,20,23-May-2016,Sub5_Trial400_0,0,6,6,-61.028651999999994,False,0.831
5,400,5,m,20,23-May-2016,Sub5_Trial400_1,1,0,0,17.224841999999995,True,0.831
5,400,5,m,20,23-May-2016,Sub5_Trial400_1,1,1,1,108.103692,True,0.831
5,400,5,m,20,23-May-2016,Sub5_Trial400_1,1,2,2,-18.683007,True,0.831
5,400,5,m,20,23-May-2016,Sub5_Trial400_1,1,3,3,-0.4531649999999985,True,0.831
5,400,5,m,20,23-May-2016,Sub5_Trial400_1,1,4,4,28.467304,True,0.831
5,400,5,m,20,23-May-2016,Sub5_Trial400_1,1,5,5,54.845113,True,0.831
5,400,5,m,20,23-May-2016,Sub5_Trial400_1,1,6,6,-44.37287,True,0.831
5,401,5,m,20,23-May-2016,Sub5_Trial401_0,0,0,0,-83.261214,False,0.636
5,401,5,m,20,23-May-2016,Sub5_Trial401_0,0,1,1,-129.131342,False,0.636
5,401,5,m,20,23-May-2016,Sub5_Trial401_0,0,2,2,54.363355,False,0.636
5,401,5,m,20,23-May-2016,Sub5_Trial401_0,0,3,3,45.148043,False,0.636
5,401,5,m,20,23-May-2016,Sub5_Trial401_0,0,4,4,28.88834,False,0.636
5,401,5,m,20,23-May-2016,Sub5_Trial401_0,0,5,5,-53.268797000000006,False,0.636
5,401,5,m,20,23-May-2016,Sub5_Trial401_0,0,6,6,81.038763,False,0.636
5,401,5,m,20,23-May-2016,Sub5_Trial401_1,1,0,0,-27.831858,True,0.636
5,401,5,m,20,23-May-2016,Sub5_Trial401_1,1,1,1,-39.254053,True,0.636
5,401,5,m,20,23-May-2016,Sub5_Trial401_1,1,2,2,-28.983166,True,0.636
5,401,5,m,20,23-May-2016,Sub5_Trial401_1,1,3,3,-64.051905,True,0.636
5,401,5,m,20,23-May-2016,Sub5_Trial401_1,1,4,4,42.721097,True,0.636
5,401,5,m,20,23-May-2016,Sub5_Trial401_1,1,5,5,51.77338499999999,True,0.636
5,401,5,m,20,23-May-2016,Sub5_Trial401_1,1,6,6,-17.960836,True,0.636
5,402,5,m,20,23-May-2016,Sub5_Trial402_0,0,0,0,111.344796,True,0.956
5,402,5,m,20,23-May-2016,Sub5_Trial402_0,0,1,1,25.692519000000004,True,0.956
5,402,5,m,20,23-May-2016,Sub5_Trial402_0,0,2,2,72.065181,True,0.956
5,402,5,m,20,23-May-2016,Sub5_Trial402_0,0,3,3,94.546475,True,0.956
5,402,5,m,20,23-May-2016,Sub5_Trial402_0,0,4,4,54.46504,True,0.956
5,402,5,m,20,23-May-2016,Sub5_Trial402_0,0,5,5,-26.80875,True,0.956
5,402,5,m,20,23-May-2016,Sub5_Trial402_0,0,6,6,35.590973,True,0.956
5,402,5,m,20,23-May-2016,Sub5_Trial402_1,1,0,0,-50.81572700000001,False,0.956
5,402,5,m,20,23-May-2016,Sub5_Trial402_1,1,1,1,55.55577,False,0.956
5,402,5,m,20,23-May-2016,Sub5_Trial402_1,1,2,2,-80.536109,False,0.956
5,402,5,m,20,23-May-2016,Sub5_Trial402_1,1,3,3,-67.210581,False,0.956
5,402,5,m,20,23-May-2016,Sub5_Trial402_1,1,4,4,-68.602544,False,0.956
5,402,5,m,20,23-May-2016,Sub5_Trial402_1,1,5,5,-14.253363,False,0.956
5,402,5,m,20,23-May-2016,Sub5_Trial402_1,1,6,6,24.799828,False,0.956
5,403,5,m,20,23-May-2016,Sub5_Trial403_0,0,0,0,70.697873,True,2.012
5,403,5,m,20,23-May-2016,Sub5_Trial403_0,0,1,1,9.094217,True,2.012
5,403,5,m,20,23-May-2016,Sub5_Trial403_0,0,2,2,-4.841733999999999,True,2.012
5,403,5,m,20,23-May-2016,Sub5_Trial403_0,0,3,3,-4.433472999999999,True,2.012
5,403,5,m,20,23-May-2016,Sub5_Trial403_0,0,4,4,-85.655028,True,2.012
5,403,5,m,20,23-May-2016,Sub5_Trial403_0,0,5,5,23.713803,True,2.012
5,403,5,m,20,23-May-2016,Sub5_Trial403_0,0,6,6,8.849837999999998,True,2.012
5,403,5,m,20,23-May-2016,Sub5_Trial403_1,1,0,0,131.494224,False,2.012
5,403,5,m,20,23-May-2016,Sub5_Trial403_1,1,1,1,-59.46918600000001,False,2.012
5,403,5,m,20,23-May-2016,Sub5_Trial403_1,1,2,2,31.621432,False,2.012
5,403,5,m,20,23-May-2016,Sub5_Trial403_1,1,3,3,55.227729,False,2.012
5,403,5,m,20,23-May-2016,Sub5_Trial403_1,1,4,4,-48.245554,False,2.012
5,403,5,m,20,23-May-2016,Sub5_Trial403_1,1,5,5,-49.639713,False,2.012
5,403,5,m,20,23-May-2016,Sub5_Trial403_1,1,6,6,-138.308292,False,2.012
5,404,5,m,20,23-May-2016,Sub5_Trial404_0,0,0,0,54.134425,False,0.868
5,404,5,m,20,23-May-2016,Sub5_Trial404_0,0,1,1,-91.025862,False,0.868
5,404,5,m,20,23-May-2016,Sub5_Trial404_0,0,2,2,-38.117794,False,0.868
5,404,5,m,20,23-May-2016,Sub5_Trial404_0,0,3,3,-68.902963,False,0.868
5,404,5,m,20,23-May-2016,Sub5_Trial404_0,0,4,4,115.501118,False,0.868
5,404,5,m,20,23-May-2016,Sub5_Trial404_0,0,5,5,-44.446054000000004,False,0.868
5,404,5,m,20,23-May-2016,Sub5_Trial404_0,0,6,6,5.616833,False,0.868
5,404,5,m,20,23-May-2016,Sub5_Trial404_1,1,0,0,45.559639000000004,True,0.868
5,404,5,m,20,23-May-2016,Sub5_Trial404_1,1,1,1,24.882472,True,0.868
5,404,5,m,20,23-May-2016,Sub5_Trial404_1,1,2,2,-91.058169,True,0.868
5,404,5,m,20,23-May-2016,Sub5_Trial404_1,1,3,3,26.596382,True,0.868
5,404,5,m,20,23-May-2016,Sub5_Trial404_1,1,4,4,60.764937,True,0.868
5,404,5,m,20,23-May-2016,Sub5_Trial404_1,1,5,5,25.464596,True,0.868
5,404,5,m,20,23-May-2016,Sub5_Trial404_1,1,6,6,-102.374868,True,0.868
5,405,5,m,20,23-May-2016,Sub5_Trial405_0,0,0,0,28.116165,False,0.866
5,405,5,m,20,23-May-2016,Sub5_Trial405_0,0,1,1,-91.192221,False,0.866
5,405,5,m,20,23-May-2016,Sub5_Trial405_0,0,2,2,23.948407,False,0.866
5,405,5,m,20,23-May-2016,Sub5_Trial405_0,0,3,3,-61.258211,False,0.866
5,405,5,m,20,23-May-2016,Sub5_Trial405_0,0,4,4,-94.916218,False,0.866
5,405,5,m,20,23-May-2016,Sub5_Trial405_0,0,5,5,30.664706,False,0.866
5,405,5,m,20,23-May-2016,Sub5_Trial405_0,0,6,6,77.365134,False,0.866
5,405,5,m,20,23-May-2016,Sub5_Trial405_1,1,0,0,75.588046,True,0.866
5,405,5,m,20,23-May-2016,Sub5_Trial405_1,1,1,1,30.566907,True,0.866
5,405,5,m,20,23-May-2016,Sub5_Trial405_1,1,2,2,48.725814,True,0.866
5,405,5,m,20,23-May-2016,Sub5_Trial405_1,1,3,3,23.5278,True,0.866
5,405,5,m,20,23-May-2016,Sub5_Trial405_1,1,4,4,54.783506,True,0.866
5,405,5,m,20,23-May-2016,Sub5_Trial405_1,1,5,5,-2.2232850000000006,True,0.866
5,405,5,m,20,23-May-2016,Sub5_Trial405_1,1,6,6,-26.029713,True,0.866
5,406,5,m,20,23-May-2016,Sub5_Trial406_0,0,0,0,-31.456255,False,0.734
5,406,5,m,20,23-May-2016,Sub5_Trial406_0,0,1,1,110.606682,False,0.734
5,406,5,m,20,23-May-2016,Sub5_Trial406_0,0,2,2,-138.634129,False,0.734
5,406,5,m,20,23-May-2016,Sub5_Trial406_0,0,3,3,-46.17037400000001,False,0.734
5,406,5,m,20,23-May-2016,Sub5_Trial406_0,0,4,4,-139.407541,False,0.734
5,406,5,m,20,23-May-2016,Sub5_Trial406_0,0,5,5,-33.102212,False,0.734
5,406,5,m,20,23-May-2016,Sub5_Trial406_0,0,6,6,33.134141,False,0.734
5,406,5,m,20,23-May-2016,Sub5_Trial406_1,1,0,0,-59.363527,True,0.734
5,406,5,m,20,23-May-2016,Sub5_Trial406_1,1,1,1,-132.063743,True,0.734
5,406,5,m,20,23-May-2016,Sub5_Trial406_1,1,2,2,-77.99032,True,0.734
5,406,5,m,20,23-May-2016,Sub5_Trial406_1,1,3,3,-19.685714,True,0.734
5,406,5,m,20,23-May-2016,Sub5_Trial406_1,1,4,4,50.76039299999999,True,0.734
5,406,5,m,20,23-May-2016,Sub5_Trial406_1,1,5,5,96.099118,True,0.734
5,406,5,m,20,23-May-2016,Sub5_Trial406_1,1,6,6,54.16027,True,0.734
5,407,5,m,20,23-May-2016,Sub5_Trial407_0,0,0,0,119.729145,True,0.622
5,407,5,m,20,23-May-2016,Sub5_Trial407_0,0,1,1,2.236097000000001,True,0.622
5,407,5,m,20,23-May-2016,Sub5_Trial407_0,0,2,2,-63.699715,True,0.622
5,407,5,m,20,23-May-2016,Sub5_Trial407_0,0,3,3,33.766397,True,0.622
5,407,5,m,20,23-May-2016,Sub5_Trial407_0,0,4,4,50.72145,True,0.622
5,407,5,m,20,23-May-2016,Sub5_Trial407_0,0,5,5,98.486186,True,0.622
5,407,5,m,20,23-May-2016,Sub5_Trial407_0,0,6,6,36.686569,True,0.622
5,407,5,m,20,23-May-2016,Sub5_Trial407_1,1,0,0,-22.203834,False,0.622
5,407,5,m,20,23-May-2016,Sub5_Trial407_1,1,1,1,145.945156,False,0.622
5,407,5,m,20,23-May-2016,Sub5_Trial407_1,1,2,2,-21.095689,False,0.622
5,407,5,m,20,23-May-2016,Sub5_Trial407_1,1,3,3,102.190342,False,0.622
5,407,5,m,20,23-May-2016,Sub5_Trial407_1,1,4,4,11.448427000000002,False,0.622
5,407,5,m,20,23-May-2016,Sub5_Trial407_1,1,5,5,-45.609156,False,0.622
5,407,5,m,20,23-May-2016,Sub5_Trial407_1,1,6,6,56.739639,False,0.622
5,408,5,m,20,23-May-2016,Sub5_Trial408_0,0,0,0,99.319452,False,1.578
5,408,5,m,20,23-May-2016,Sub5_Trial408_0,0,1,1,-138.734936,False,1.578
5,408,5,m,20,23-May-2016,Sub5_Trial408_0,0,2,2,-14.202789,False,1.578
5,408,5,m,20,23-May-2016,Sub5_Trial408_0,0,3,3,-85.486372,False,1.578
5,408,5,m,20,23-May-2016,Sub5_Trial408_0,0,4,4,-4.215928999999999,False,1.578
5,408,5,m,20,23-May-2016,Sub5_Trial408_0,0,5,5,-112.239908,False,1.578
5,408,5,m,20,23-May-2016,Sub5_Trial408_0,0,6,6,-120.354183,False,1.578
5,408,5,m,20,23-May-2016,Sub5_Trial408_1,1,0,0,9.284873,True,1.578
5,408,5,m,20,23-May-2016,Sub5_Trial408_1,1,1,1,-20.217077000000003,True,1.578
5,408,5,m,20,23-May-2016,Sub5_Trial408_1,1,2,2,-87.748644,True,1.578
5,408,5,m,20,23-May-2016,Sub5_Trial408_1,1,3,3,-131.06185,True,1.578
5,408,5,m,20,23-May-2016,Sub5_Trial408_1,1,4,4,-58.82444000000001,True,1.578
5,408,5,m,20,23-May-2016,Sub5_Trial408_1,1,5,5,67.299899,True,1.578
5,408,5,m,20,23-May-2016,Sub5_Trial408_1,1,6,6,16.683979,True,1.578
5,409,5,m,20,23-May-2016,Sub5_Trial409_0,0,0,0,-28.087989,False,2.042
5,409,5,m,20,23-May-2016,Sub5_Trial409_0,0,1,1,84.997819,False,2.042
5,409,5,m,20,23-May-2016,Sub5_Trial409_0,0,2,2,-15.508004999999997,False,2.042
5,409,5,m,20,23-May-2016,Sub5_Trial409_0,0,3,3,38.41344,False,2.042
5,409,5,m,20,23-May-2016,Sub5_Trial409_0,0,4,4,59.889387,False,2.042
5,409,5,m,20,23-May-2016,Sub5_Trial409_0,0,5,5,-88.408079,False,2.042
5,409,5,m,20,23-May-2016,Sub5_Trial409_0,0,6,6,-15.210625,False,2.042
5,409,5,m,20,23-May-2016,Sub5_Trial409_1,1,0,0,66.069451,True,2.042
5,409,5,m,20,23-May-2016,Sub5_Trial409_1,1,1,1,-7.136493,True,2.042
5,409,5,m,20,23-May-2016,Sub5_Trial409_1,1,2,2,6.541512000000001,True,2.042
5,409,5,m,20,23-May-2016,Sub5_Trial409_1,1,3,3,-21.499284,True,2.042
5,409,5,m,20,23-May-2016,Sub5_Trial409_1,1,4,4,4.1332200000000014,True,2.042
5,409,5,m,20,23-May-2016,Sub5_Trial409_1,1,5,5,-28.321698,True,2.042
5,409,5,m,20,23-May-2016,Sub5_Trial409_1,1,6,6,-61.32555,True,2.042
5,410,5,m,20,23-May-2016,Sub5_Trial410_0,0,0,0,-89.17292,True,0.758
5,410,5,m,20,23-May-2016,Sub5_Trial410_0,0,1,1,-85.90125,True,0.758
5,410,5,m,20,23-May-2016,Sub5_Trial410_0,0,2,2,-51.443626,True,0.758
5,410,5,m,20,23-May-2016,Sub5_Trial410_0,0,3,3,34.763135,True,0.758
5,410,5,m,20,23-May-2016,Sub5_Trial410_0,0,4,4,56.678574999999995,True,0.758
5,410,5,m,20,23-May-2016,Sub5_Trial410_0,0,5,5,-51.425828,True,0.758
5,410,5,m,20,23-May-2016,Sub5_Trial410_0,0,6,6,104.104973,True,0.758
5,410,5,m,20,23-May-2016,Sub5_Trial410_1,1,0,0,0.13914700000000124,False,0.758
5,410,5,m,20,23-May-2016,Sub5_Trial410_1,1,1,1,-3.965727000000001,False,0.758
5,410,5,m,20,23-May-2016,Sub5_Trial410_1,1,2,2,-85.866457,False,0.758
5,410,5,m,20,23-May-2016,Sub5_Trial410_1,1,3,3,-68.23029,False,0.758
5,410,5,m,20,23-May-2016,Sub5_Trial410_1,1,4,4,-5.334752999999999,False,0.758
5,410,5,m,20,23-May-2016,Sub5_Trial410_1,1,5,5,-58.547619999999995,False,0.758
5,410,5,m,20,23-May-2016,Sub5_Trial410_1,1,6,6,17.867752,False,0.758
5,411,5,m,20,23-May-2016,Sub5_Trial411_0,0,0,0,52.774756999999994,True,0.607
5,411,5,m,20,23-May-2016,Sub5_Trial411_0,0,1,1,95.251524,True,0.607
5,411,5,m,20,23-May-2016,Sub5_Trial411_0,0,2,2,-24.168057,True,0.607
5,411,5,m,20,23-May-2016,Sub5_Trial411_0,0,3,3,-0.03526799999999852,True,0.607
5,411,5,m,20,23-May-2016,Sub5_Trial411_0,0,4,4,77.062269,True,0.607
5,411,5,m,20,23-May-2016,Sub5_Trial411_0,0,5,5,42.599213,True,0.607
5,411,5,m,20,23-May-2016,Sub5_Trial411_0,0,6,6,-73.845601,True,0.607
5,411,5,m,20,23-May-2016,Sub5_Trial411_1,1,0,0,30.616623,False,0.607
5,411,5,m,20,23-May-2016,Sub5_Trial411_1,1,1,1,-37.296929,False,0.607
5,411,5,m,20,23-May-2016,Sub5_Trial411_1,1,2,2,-73.518746,False,0.607
5,411,5,m,20,23-May-2016,Sub5_Trial411_1,1,3,3,0.05278900000000064,False,0.607
5,411,5,m,20,23-May-2016,Sub5_Trial411_1,1,4,4,-112.150961,False,0.607
5,411,5,m,20,23-May-2016,Sub5_Trial411_1,1,5,5,6.035640000000001,False,0.607
5,411,5,m,20,23-May-2016,Sub5_Trial411_1,1,6,6,-39.799909,False,0.607
5,412,5,m,20,23-May-2016,Sub5_Trial412_0,0,0,0,59.714845,False,2.812
5,412,5,m,20,23-May-2016,Sub5_Trial412_0,0,1,1,-11.990652,False,2.812
5,412,5,m,20,23-May-2016,Sub5_Trial412_0,0,2,2,-12.011946,False,2.812
5,412,5,m,20,23-May-2016,Sub5_Trial412_0,0,3,3,99.750955,False,2.812
5,412,5,m,20,23-May-2016,Sub5_Trial412_0,0,4,4,54.9606,False,2.812
5,412,5,m,20,23-May-2016,Sub5_Trial412_0,0,5,5,56.452022,False,2.812
5,412,5,m,20,23-May-2016,Sub5_Trial412_0,0,6,6,38.158731,False,2.812
5,412,5,m,20,23-May-2016,Sub5_Trial412_1,1,0,0,-138.419602,True,2.812
5,412,5,m,20,23-May-2016,Sub5_Trial412_1,1,1,1,-4.038194000000001,True,2.812
5,412,5,m,20,23-May-2016,Sub5_Trial412_1,1,2,2,-99.668202,True,2.812
5,412,5,m,20,23-May-2016,Sub5_Trial412_1,1,3,3,-80.32153,True,2.812
5,412,5,m,20,23-May-2016,Sub5_Trial412_1,1,4,4,-55.525335,True,2.812
5,412,5,m,20,23-May-2016,Sub5_Trial412_1,1,5,5,148.103534,True,2.812
5,412,5,m,20,23-May-2016,Sub5_Trial412_1,1,6,6,-72.124255,True,2.812
5,413,5,m,20,23-May-2016,Sub5_Trial413_0,0,0,0,101.055909,True,4.331
5,413,5,m,20,23-May-2016,Sub5_Trial413_0,0,1,1,-96.142902,True,4.331
5,413,5,m,20,23-May-2016,Sub5_Trial413_0,0,2,2,107.751442,True,4.331
5,413,5,m,20,23-May-2016,Sub5_Trial413_0,0,3,3,15.624678,True,4.331
5,413,5,m,20,23-May-2016,Sub5_Trial413_0,0,4,4,77.531474,True,4.331
5,413,5,m,20,23-May-2016,Sub5_Trial413_0,0,5,5,130.045682,True,4.331
5,413,5,m,20,23-May-2016,Sub5_Trial413_0,0,6,6,-41.053057,True,4.331
5,413,5,m,20,23-May-2016,Sub5_Trial413_1,1,0,0,2.192112999999999,False,4.331
5,413,5,m,20,23-May-2016,Sub5_Trial413_1,1,1,1,48.77555000000001,False,4.331
5,413,5,m,20,23-May-2016,Sub5_Trial413_1,1,2,2,-98.279576,False,4.331
5,413,5,m,20,23-May-2016,Sub5_Trial413_1,1,3,3,-73.897726,False,4.331
5,413,5,m,20,23-May-2016,Sub5_Trial413_1,1,4,4,105.597971,False,4.331
5,413,5,m,20,23-May-2016,Sub5_Trial413_1,1,5,5,20.169324000000003,False,4.331
5,413,5,m,20,23-May-2016,Sub5_Trial413_1,1,6,6,118.78853800000002,False,4.331
5,414,5,m,20,23-May-2016,Sub5_Trial414_0,0,0,0,-11.846277999999998,False,0.755
5,414,5,m,20,23-May-2016,Sub5_Trial414_0,0,1,1,73.149364,False,0.755
5,414,5,m,20,23-May-2016,Sub5_Trial414_0,0,2,2,-17.564869,False,0.755
5,414,5,m,20,23-May-2016,Sub5_Trial414_0,0,3,3,93.890713,False,0.755
5,414,5,m,20,23-May-2016,Sub5_Trial414_0,0,4,4,-16.957952,False,0.755
5,414,5,m,20,23-May-2016,Sub5_Trial414_0,0,5,5,16.016097,False,0.755
5,414,5,m,20,23-May-2016,Sub5_Trial414_0,0,6,6,-40.988671,False,0.755
5,414,5,m,20,23-May-2016,Sub5_Trial414_1,1,0,0,-53.482569,True,0.755
5,414,5,m,20,23-May-2016,Sub5_Trial414_1,1,1,1,45.75023,True,0.755
5,414,5,m,20,23-May-2016,Sub5_Trial414_1,1,2,2,4.225456999999999,True,0.755
5,414,5,m,20,23-May-2016,Sub5_Trial414_1,1,3,3,27.770336999999998,True,0.755
5,414,5,m,20,23-May-2016,Sub5_Trial414_1,1,4,4,28.12551,True,0.755
5,414,5,m,20,23-May-2016,Sub5_Trial414_1,1,5,5,100.616701,True,0.755
5,414,5,m,20,23-May-2016,Sub5_Trial414_1,1,6,6,0.7122700000000002,True,0.755
5,415,5,m,20,23-May-2016,Sub5_Trial415_0,0,0,0,100.153556,True,0.99
5,415,5,m,20,23-May-2016,Sub5_Trial415_0,0,1,1,132.743466,True,0.99
5,415,5,m,20,23-May-2016,Sub5_Trial415_0,0,2,2,34.935924,True,0.99
5,415,5,m,20,23-May-2016,Sub5_Trial415_0,0,3,3,80.966297,True,0.99
5,415,5,m,20,23-May-2016,Sub5_Trial415_0,0,4,4,42.830572,True,0.99
5,415,5,m,20,23-May-2016,Sub5_Trial415_0,0,5,5,6.662151999999999,True,0.99
5,415,5,m,20,23-May-2016,Sub5_Trial415_0,0,6,6,106.76978,True,0.99
5,415,5,m,20,23-May-2016,Sub5_Trial415_1,1,0,0,60.25970699999999,False,0.99
5,415,5,m,20,23-May-2016,Sub5_Trial415_1,1,1,1,-40.467523,False,0.99
5,415,5,m,20,23-May-2016,Sub5_Trial415_1,1,2,2,-85.99341,False,0.99
5,415,5,m,20,23-May-2016,Sub5_Trial415_1,1,3,3,9.389515,False,0.99
5,415,5,m,20,23-May-2016,Sub5_Trial415_1,1,4,4,-44.369875,False,0.99
5,415,5,m,20,23-May-2016,Sub5_Trial415_1,1,5,5,-30.091912,False,0.99
5,415,5,m,20,23-May-2016,Sub5_Trial415_1,1,6,6,-76.838373,False,0.99
5,416,5,m,20,23-May-2016,Sub5_Trial416_0,0,0,0,30.765068,True,2.311
5,416,5,m,20,23-May-2016,Sub5_Trial416_0,0,1,1,21.37985,True,2.311
5,416,5,m,20,23-May-2016,Sub5_Trial416_0,0,2,2,-52.30886799999999,True,2.311
5,416,5,m,20,23-May-2016,Sub5_Trial416_0,0,3,3,-42.312276,True,2.311
5,416,5,m,20,23-May-2016,Sub5_Trial416_0,0,4,4,8.223684,True,2.311
5,416,5,m,20,23-May-2016,Sub5_Trial416_0,0,5,5,23.809899,True,2.311
5,416,5,m,20,23-May-2016,Sub5_Trial416_0,0,6,6,-128.01899,True,2.311
5,416,5,m,20,23-May-2016,Sub5_Trial416_1,1,0,0,-67.276017,False,2.311
5,416,5,m,20,23-May-2016,Sub5_Trial416_1,1,1,1,-69.591674,False,2.311
5,416,5,m,20,23-May-2016,Sub5_Trial416_1,1,2,2,57.625822,False,2.311
5,416,5,m,20,23-May-2016,Sub5_Trial416_1,1,3,3,18.020117999999997,False,2.311
5,416,5,m,20,23-May-2016,Sub5_Trial416_1,1,4,4,-0.30777499999999947,False,2.311
5,416,5,m,20,23-May-2016,Sub5_Trial416_1,1,5,5,-14.071298,False,2.311
5,416,5,m,20,23-May-2016,Sub5_Trial416_1,1,6,6,17.259195,False,2.311
5,417,5,m,20,23-May-2016,Sub5_Trial417_0,0,0,0,-83.926312,True,1.037
5,417,5,m,20,23-May-2016,Sub5_Trial417_0,0,1,1,-30.477873000000002,True,1.037
5,417,5,m,20,23-May-2016,Sub5_Trial417_0,0,2,2,-41.008261,True,1.037
5,417,5,m,20,23-May-2016,Sub5_Trial417_0,0,3,3,-39.556667,True,1.037
5,417,5,m,20,23-May-2016,Sub5_Trial417_0,0,4,4,-34.608908,True,1.037
5,417,5,m,20,23-May-2016,Sub5_Trial417_0,0,5,5,63.194013,True,1.037
5,417,5,m,20,23-May-2016,Sub5_Trial417_0,0,6,6,14.54699,True,1.037
5,417,5,m,20,23-May-2016,Sub5_Trial417_1,1,0,0,118.06532900000002,False,1.037
5,417,5,m,20,23-May-2016,Sub5_Trial417_1,1,1,1,-19.998361,False,1.037
5,417,5,m,20,23-May-2016,Sub5_Trial417_1,1,2,2,-25.466084,False,1.037
5,417,5,m,20,23-May-2016,Sub5_Trial417_1,1,3,3,69.994897,False,1.037
5,417,5,m,20,23-May-2016,Sub5_Trial417_1,1,4,4,-11.928583,False,1.037
5,417,5,m,20,23-May-2016,Sub5_Trial417_1,1,5,5,5.472928,False,1.037
5,417,5,m,20,23-May-2016,Sub5_Trial417_1,1,6,6,-24.55022,False,1.037
5,418,5,m,20,23-May-2016,Sub5_Trial418_0,0,0,0,2.989955000000002,False,0.791
5,418,5,m,20,23-May-2016,Sub5_Trial418_0,0,1,1,-61.318821,False,0.791
5,418,5,m,20,23-May-2016,Sub5_Trial418_0,0,2,2,-48.355174000000005,False,0.791
5,418,5,m,20,23-May-2016,Sub5_Trial418_0,0,3,3,55.212129,False,0.791
5,418,5,m,20,23-May-2016,Sub5_Trial418_0,0,4,4,54.352684,False,0.791
5,418,5,m,20,23-May-2016,Sub5_Trial418_0,0,5,5,-77.997512,False,0.791
5,418,5,m,20,23-May-2016,Sub5_Trial418_0,0,6,6,118.78544,False,0.791
5,418,5,m,20,23-May-2016,Sub5_Trial418_1,1,0,0,36.966136,True,0.791
5,418,5,m,20,23-May-2016,Sub5_Trial418_1,1,1,1,113.48024800000002,True,0.791
5,418,5,m,20,23-May-2016,Sub5_Trial418_1,1,2,2,118.908107,True,0.791
5,418,5,m,20,23-May-2016,Sub5_Trial418_1,1,3,3,-81.960631,True,0.791
5,418,5,m,20,23-May-2016,Sub5_Trial418_1,1,4,4,10.354329999999997,True,0.791
5,418,5,m,20,23-May-2016,Sub5_Trial418_1,1,5,5,-13.598397,True,0.791
5,418,5,m,20,23-May-2016,Sub5_Trial418_1,1,6,6,-143.453986,True,0.791
5,419,5,m,20,23-May-2016,Sub5_Trial419_0,0,0,0,-119.39560899999998,False,0.575
5,419,5,m,20,23-May-2016,Sub5_Trial419_0,0,1,1,-62.108289,False,0.575
5,419,5,m,20,23-May-2016,Sub5_Trial419_0,0,2,2,-79.397284,False,0.575
5,419,5,m,20,23-May-2016,Sub5_Trial419_0,0,3,3,41.175346,False,0.575
5,419,5,m,20,23-May-2016,Sub5_Trial419_0,0,4,4,26.945718,False,0.575
5,419,5,m,20,23-May-2016,Sub5_Trial419_0,0,5,5,6.547022999999999,False,0.575
5,419,5,m,20,23-May-2016,Sub5_Trial419_0,0,6,6,136.495875,False,0.575
5,419,5,m,20,23-May-2016,Sub5_Trial419_1,1,0,0,-18.51935,True,0.575
5,419,5,m,20,23-May-2016,Sub5_Trial419_1,1,1,1,41.099993,True,0.575
5,419,5,m,20,23-May-2016,Sub5_Trial419_1,1,2,2,-80.619703,True,0.575
5,419,5,m,20,23-May-2016,Sub5_Trial419_1,1,3,3,-35.466784,True,0.575
5,419,5,m,20,23-May-2016,Sub5_Trial419_1,1,4,4,-11.893774,True,0.575
5,419,5,m,20,23-May-2016,Sub5_Trial419_1,1,5,5,-22.102825,True,0.575
5,419,5,m,20,23-May-2016,Sub5_Trial419_1,1,6,6,81.851876,True,0.575
5,420,5,m,20,23-May-2016,Sub5_Trial420_0,0,0,0,16.69036,True,1.117
5,420,5,m,20,23-May-2016,Sub5_Trial420_0,0,1,1,28.214897,True,1.117
5,420,5,m,20,23-May-2016,Sub5_Trial420_0,0,2,2,-19.441398,True,1.117
5,420,5,m,20,23-May-2016,Sub5_Trial420_0,0,3,3,-71.750542,True,1.117
5,420,5,m,20,23-May-2016,Sub5_Trial420_0,0,4,4,-116.595012,True,1.117
5,420,5,m,20,23-May-2016,Sub5_Trial420_0,0,5,5,13.991848,True,1.117
5,420,5,m,20,23-May-2016,Sub5_Trial420_0,0,6,6,42.121631,True,1.117
5,420,5,m,20,23-May-2016,Sub5_Trial420_1,1,0,0,-10.619611,False,1.117
5,420,5,m,20,23-May-2016,Sub5_Trial420_1,1,1,1,150.635402,False,1.117
5,420,5,m,20,23-May-2016,Sub5_Trial420_1,1,2,2,-61.219202,False,1.117
5,420,5,m,20,23-May-2016,Sub5_Trial420_1,1,3,3,20.919607,False,1.117
5,420,5,m,20,23-May-2016,Sub5_Trial420_1,1,4,4,-51.75013,False,1.117
5,420,5,m,20,23-May-2016,Sub5_Trial420_1,1,5,5,-86.663177,False,1.117
5,420,5,m,20,23-May-2016,Sub5_Trial420_1,1,6,6,-92.612219,False,1.117
5,421,5,m,20,23-May-2016,Sub5_Trial421_0,0,0,0,121.209849,False,1.036
5,421,5,m,20,23-May-2016,Sub5_Trial421_0,0,1,1,-37.427975,False,1.036
5,421,5,m,20,23-May-2016,Sub5_Trial421_0,0,2,2,55.993682,False,1.036
5,421,5,m,20,23-May-2016,Sub5_Trial421_0,0,3,3,50.884098,False,1.036
5,421,5,m,20,23-May-2016,Sub5_Trial421_0,0,4,4,-43.492311,False,1.036
5,421,5,m,20,23-May-2016,Sub5_Trial421_0,0,5,5,50.732063,False,1.036
5,421,5,m,20,23-May-2016,Sub5_Trial421_0,0,6,6,-19.173232,False,1.036
5,421,5,m,20,23-May-2016,Sub5_Trial421_1,1,0,0,37.000036,True,1.036
5,421,5,m,20,23-May-2016,Sub5_Trial421_1,1,1,1,62.248433000000006,True,1.036
5,421,5,m,20,23-May-2016,Sub5_Trial421_1,1,2,2,-3.7784380000000013,True,1.036
5,421,5,m,20,23-May-2016,Sub5_Trial421_1,1,3,3,19.582024000000004,True,1.036
5,421,5,m,20,23-May-2016,Sub5_Trial421_1,1,4,4,-41.935086,True,1.036
5,421,5,m,20,23-May-2016,Sub5_Trial421_1,1,5,5,-5.976295,True,1.036
5,421,5,m,20,23-May-2016,Sub5_Trial421_1,1,6,6,-21.028829,True,1.036
5,422,5,m,20,23-May-2016,Sub5_Trial422_0,0,0,0,15.971489,False,0.916
5,422,5,m,20,23-May-2016,Sub5_Trial422_0,0,1,1,53.988989,False,0.916
5,422,5,m,20,23-May-2016,Sub5_Trial422_0,0,2,2,23.399103,False,0.916
5,422,5,m,20,23-May-2016,Sub5_Trial422_0,0,3,3,-108.40999499999998,False,0.916
5,422,5,m,20,23-May-2016,Sub5_Trial422_0,0,4,4,6.480634,False,0.916
5,422,5,m,20,23-May-2016,Sub5_Trial422_0,0,5,5,-46.734866,False,0.916
5,422,5,m,20,23-May-2016,Sub5_Trial422_0,0,6,6,-1.6926260000000006,False,0.916
5,422,5,m,20,23-May-2016,Sub5_Trial422_1,1,0,0,-84.150108,True,0.916
5,422,5,m,20,23-May-2016,Sub5_Trial422_1,1,1,1,-97.014102,True,0.916
5,422,5,m,20,23-May-2016,Sub5_Trial422_1,1,2,2,45.41939500000001,True,0.916
5,422,5,m,20,23-May-2016,Sub5_Trial422_1,1,3,3,-8.533988,True,0.916
5,422,5,m,20,23-May-2016,Sub5_Trial422_1,1,4,4,-7.217425,True,0.916
5,422,5,m,20,23-May-2016,Sub5_Trial422_1,1,5,5,-63.565929,True,0.916
5,422,5,m,20,23-May-2016,Sub5_Trial422_1,1,6,6,-67.324599,True,0.916
5,423,5,m,20,23-May-2016,Sub5_Trial423_0,0,0,0,-0.4554259999999992,True,1.339
5,423,5,m,20,23-May-2016,Sub5_Trial423_0,0,1,1,-54.032121,True,1.339
5,423,5,m,20,23-May-2016,Sub5_Trial423_0,0,2,2,70.14067,True,1.339
5,423,5,m,20,23-May-2016,Sub5_Trial423_0,0,3,3,-82.620495,True,1.339
5,423,5,m,20,23-May-2016,Sub5_Trial423_0,0,4,4,-139.341054,True,1.339
5,423,5,m,20,23-May-2016,Sub5_Trial423_0,0,5,5,-4.244904999999999,True,1.339
5,423,5,m,20,23-May-2016,Sub5_Trial423_0,0,6,6,55.006142,True,1.339
5,423,5,m,20,23-May-2016,Sub5_Trial423_1,1,0,0,51.124531,False,1.339
5,423,5,m,20,23-May-2016,Sub5_Trial423_1,1,1,1,-51.345246,False,1.339
5,423,5,m,20,23-May-2016,Sub5_Trial423_1,1,2,2,44.974639,False,1.339
5,423,5,m,20,23-May-2016,Sub5_Trial423_1,1,3,3,-70.721971,False,1.339
5,423,5,m,20,23-May-2016,Sub5_Trial423_1,1,4,4,-2.2690100000000015,False,1.339
5,423,5,m,20,23-May-2016,Sub5_Trial423_1,1,5,5,-48.257799000000006,False,1.339
5,423,5,m,20,23-May-2016,Sub5_Trial423_1,1,6,6,-29.320677000000003,False,1.339
5,424,5,m,20,23-May-2016,Sub5_Trial424_0,0,0,0,63.72025099999999,False,3.411
5,424,5,m,20,23-May-2016,Sub5_Trial424_0,0,1,1,49.19900799999999,False,3.411
5,424,5,m,20,23-May-2016,Sub5_Trial424_0,0,2,2,14.818870000000004,False,3.411
5,424,5,m,20,23-May-2016,Sub5_Trial424_0,0,3,3,102.799536,False,3.411
5,424,5,m,20,23-May-2016,Sub5_Trial424_0,0,4,4,-21.478765,False,3.411
5,424,5,m,20,23-May-2016,Sub5_Trial424_0,0,5,5,32.530222,False,3.411
5,424,5,m,20,23-May-2016,Sub5_Trial424_0,0,6,6,-46.95952,False,3.411
5,424,5,m,20,23-May-2016,Sub5_Trial424_1,1,0,0,66.620441,True,3.411
5,424,5,m,20,23-May-2016,Sub5_Trial424_1,1,1,1,-80.895501,True,3.411
5,424,5,m,20,23-May-2016,Sub5_Trial424_1,1,2,2,-84.180934,True,3.411
5,424,5,m,20,23-May-2016,Sub5_Trial424_1,1,3,3,-73.278463,True,3.411
5,424,5,m,20,23-May-2016,Sub5_Trial424_1,1,4,4,10.174072,True,3.411
5,424,5,m,20,23-May-2016,Sub5_Trial424_1,1,5,5,57.920201,True,3.411
5,424,5,m,20,23-May-2016,Sub5_Trial424_1,1,6,6,-80.682412,True,3.411
5,425,5,m,20,23-May-2016,Sub5_Trial425_0,0,0,0,-76.688018,True,0.725
5,425,5,m,20,23-May-2016,Sub5_Trial425_0,0,1,1,28.635176,True,0.725
5,425,5,m,20,23-May-2016,Sub5_Trial425_0,0,2,2,32.209233,True,0.725
5,425,5,m,20,23-May-2016,Sub5_Trial425_0,0,3,3,-18.78091,True,0.725
5,425,5,m,20,23-May-2016,Sub5_Trial425_0,0,4,4,53.359044,True,0.725
5,425,5,m,20,23-May-2016,Sub5_Trial425_0,0,5,5,-17.083505,True,0.725
5,425,5,m,20,23-May-2016,Sub5_Trial425_0,0,6,6,-88.48575,True,0.725
5,425,5,m,20,23-May-2016,Sub5_Trial425_1,1,0,0,-3.5706029999999984,False,0.725
5,425,5,m,20,23-May-2016,Sub5_Trial425_1,1,1,1,29.335974,False,0.725
5,425,5,m,20,23-May-2016,Sub5_Trial425_1,1,2,2,-45.89438799999999,False,0.725
5,425,5,m,20,23-May-2016,Sub5_Trial425_1,1,3,3,21.368213,False,0.725
5,425,5,m,20,23-May-2016,Sub5_Trial425_1,1,4,4,-47.81678500000001,False,0.725
5,425,5,m,20,23-May-2016,Sub5_Trial425_1,1,5,5,51.178307,False,0.725
5,425,5,m,20,23-May-2016,Sub5_Trial425_1,1,6,6,8.158364,False,0.725
5,426,5,m,20,23-May-2016,Sub5_Trial426_0,0,0,0,-30.881676999999996,False,4.029
5,426,5,m,20,23-May-2016,Sub5_Trial426_0,0,1,1,70.380711,False,4.029
5,426,5,m,20,23-May-2016,Sub5_Trial426_0,0,2,2,-61.472815999999995,False,4.029
5,426,5,m,20,23-May-2016,Sub5_Trial426_0,0,3,3,-136.82009,False,4.029
5,426,5,m,20,23-May-2016,Sub5_Trial426_0,0,4,4,13.929273,False,4.029
5,426,5,m,20,23-May-2016,Sub5_Trial426_0,0,5,5,-117.13123100000001,False,4.029
5,426,5,m,20,23-May-2016,Sub5_Trial426_0,0,6,6,23.017028,False,4.029
5,426,5,m,20,23-May-2016,Sub5_Trial426_1,1,0,0,-5.409368000000001,True,4.029
5,426,5,m,20,23-May-2016,Sub5_Trial426_1,1,1,1,60.34473,True,4.029
5,426,5,m,20,23-May-2016,Sub5_Trial426_1,1,2,2,-113.906385,True,4.029
5,426,5,m,20,23-May-2016,Sub5_Trial426_1,1,3,3,38.037985,True,4.029
5,426,5,m,20,23-May-2016,Sub5_Trial426_1,1,4,4,85.003124,True,4.029
5,426,5,m,20,23-May-2016,Sub5_Trial426_1,1,5,5,31.780220999999997,True,4.029
5,426,5,m,20,23-May-2016,Sub5_Trial426_1,1,6,6,15.060634999999998,True,4.029
5,427,5,m,20,23-May-2016,Sub5_Trial427_0,0,0,0,38.012716,True,0.681
5,427,5,m,20,23-May-2016,Sub5_Trial427_0,0,1,1,52.790491,True,0.681
5,427,5,m,20,23-May-2016,Sub5_Trial427_0,0,2,2,72.137939,True,0.681
5,427,5,m,20,23-May-2016,Sub5_Trial427_0,0,3,3,37.46418,True,0.681
5,427,5,m,20,23-May-2016,Sub5_Trial427_0,0,4,4,-118.673207,True,0.681
5,427,5,m,20,23-May-2016,Sub5_Trial427_0,0,5,5,-27.990406,True,0.681
5,427,5,m,20,23-May-2016,Sub5_Trial427_0,0,6,6,66.512059,True,0.681
5,427,5,m,20,23-May-2016,Sub5_Trial427_1,1,0,0,-35.738672,False,0.681
5,427,5,m,20,23-May-2016,Sub5_Trial427_1,1,1,1,-55.589991999999995,False,0.681
5,427,5,m,20,23-May-2016,Sub5_Trial427_1,1,2,2,1.6055700000000002,False,0.681
5,427,5,m,20,23-May-2016,Sub5_Trial427_1,1,3,3,-8.491309000000001,False,0.681
5,427,5,m,20,23-May-2016,Sub5_Trial427_1,1,4,4,45.564441,False,0.681
5,427,5,m,20,23-May-2016,Sub5_Trial427_1,1,5,5,-94.535786,False,0.681
5,427,5,m,20,23-May-2016,Sub5_Trial427_1,1,6,6,-130.426657,False,0.681
5,428,5,m,20,23-May-2016,Sub5_Trial428_0,0,0,0,-85.778242,False,4.217
5,428,5,m,20,23-May-2016,Sub5_Trial428_0,0,1,1,31.025565,False,4.217
5,428,5,m,20,23-May-2016,Sub5_Trial428_0,0,2,2,103.071612,False,4.217
5,428,5,m,20,23-May-2016,Sub5_Trial428_0,0,3,3,-77.916866,False,4.217
5,428,5,m,20,23-May-2016,Sub5_Trial428_0,0,4,4,-55.866959,False,4.217
5,428,5,m,20,23-May-2016,Sub5_Trial428_0,0,5,5,20.689039,False,4.217
5,428,5,m,20,23-May-2016,Sub5_Trial428_0,0,6,6,99.48831,False,4.217
5,428,5,m,20,23-May-2016,Sub5_Trial428_1,1,0,0,14.151069,True,4.217
5,428,5,m,20,23-May-2016,Sub5_Trial428_1,1,1,1,-65.163985,True,4.217
5,428,5,m,20,23-May-2016,Sub5_Trial428_1,1,2,2,-64.184248,True,4.217
5,428,5,m,20,23-May-2016,Sub5_Trial428_1,1,3,3,-46.985029999999995,True,4.217
5,428,5,m,20,23-May-2016,Sub5_Trial428_1,1,4,4,51.465324,True,4.217
5,428,5,m,20,23-May-2016,Sub5_Trial428_1,1,5,5,-48.016468,True,4.217
5,428,5,m,20,23-May-2016,Sub5_Trial428_1,1,6,6,24.280363,True,4.217
5,429,5,m,20,23-May-2016,Sub5_Trial429_0,0,0,0,75.708054,False,0.741
5,429,5,m,20,23-May-2016,Sub5_Trial429_0,0,1,1,-40.034921,False,0.741
5,429,5,m,20,23-May-2016,Sub5_Trial429_0,0,2,2,-82.984711,False,0.741
5,429,5,m,20,23-May-2016,Sub5_Trial429_0,0,3,3,57.079673,False,0.741
5,429,5,m,20,23-May-2016,Sub5_Trial429_0,0,4,4,14.131517,False,0.741
5,429,5,m,20,23-May-2016,Sub5_Trial429_0,0,5,5,-58.774778,False,0.741
5,429,5,m,20,23-May-2016,Sub5_Trial429_0,0,6,6,-7.290351000000001,False,0.741
5,429,5,m,20,23-May-2016,Sub5_Trial429_1,1,0,0,36.32933,True,0.741
5,429,5,m,20,23-May-2016,Sub5_Trial429_1,1,1,1,-94.322747,True,0.741
5,429,5,m,20,23-May-2016,Sub5_Trial429_1,1,2,2,12.873587,True,0.741
5,429,5,m,20,23-May-2016,Sub5_Trial429_1,1,3,3,-36.87406,True,0.741
5,429,5,m,20,23-May-2016,Sub5_Trial429_1,1,4,4,-75.352125,True,0.741
5,429,5,m,20,23-May-2016,Sub5_Trial429_1,1,5,5,141.549099,True,0.741
5,429,5,m,20,23-May-2016,Sub5_Trial429_1,1,6,6,41.670258,True,0.741
5,430,5,m,20,23-May-2016,Sub5_Trial430_0,0,0,0,57.432077,True,1.613
5,430,5,m,20,23-May-2016,Sub5_Trial430_0,0,1,1,-12.698225999999998,True,1.613
5,430,5,m,20,23-May-2016,Sub5_Trial430_0,0,2,2,-2.4888809999999992,True,1.613
5,430,5,m,20,23-May-2016,Sub5_Trial430_0,0,3,3,-99.774462,True,1.613
5,430,5,m,20,23-May-2016,Sub5_Trial430_0,0,4,4,-116.979603,True,1.613
5,430,5,m,20,23-May-2016,Sub5_Trial430_0,0,5,5,44.765338,True,1.613
5,430,5,m,20,23-May-2016,Sub5_Trial430_0,0,6,6,-1.7869759999999992,True,1.613
5,430,5,m,20,23-May-2016,Sub5_Trial430_1,1,0,0,98.418618,False,1.613
5,430,5,m,20,23-May-2016,Sub5_Trial430_1,1,1,1,-70.335034,False,1.613
5,430,5,m,20,23-May-2016,Sub5_Trial430_1,1,2,2,38.312159,False,1.613
5,430,5,m,20,23-May-2016,Sub5_Trial430_1,1,3,3,-85.597617,False,1.613
5,430,5,m,20,23-May-2016,Sub5_Trial430_1,1,4,4,33.625464,False,1.613
5,430,5,m,20,23-May-2016,Sub5_Trial430_1,1,5,5,-46.711749,False,1.613
5,430,5,m,20,23-May-2016,Sub5_Trial430_1,1,6,6,43.939519,False,1.613
5,431,5,m,20,23-May-2016,Sub5_Trial431_0,0,0,0,-58.894679,True,1.364
5,431,5,m,20,23-May-2016,Sub5_Trial431_0,0,1,1,70.503427,True,1.364
5,431,5,m,20,23-May-2016,Sub5_Trial431_0,0,2,2,-90.046456,True,1.364
5,431,5,m,20,23-May-2016,Sub5_Trial431_0,0,3,3,-0.27971099999999893,True,1.364
5,431,5,m,20,23-May-2016,Sub5_Trial431_0,0,4,4,30.345140999999998,True,1.364
5,431,5,m,20,23-May-2016,Sub5_Trial431_0,0,5,5,-46.091694,True,1.364
5,431,5,m,20,23-May-2016,Sub5_Trial431_0,0,6,6,-55.34965,True,1.364
5,431,5,m,20,23-May-2016,Sub5_Trial431_1,1,0,0,43.967752,False,1.364
5,431,5,m,20,23-May-2016,Sub5_Trial431_1,1,1,1,3.9359970000000004,False,1.364
5,431,5,m,20,23-May-2016,Sub5_Trial431_1,1,2,2,-34.049535,False,1.364
5,431,5,m,20,23-May-2016,Sub5_Trial431_1,1,3,3,-39.783727,False,1.364
5,431,5,m,20,23-May-2016,Sub5_Trial431_1,1,4,4,6.597712,False,1.364
5,431,5,m,20,23-May-2016,Sub5_Trial431_1,1,5,5,-93.253298,False,1.364
5,431,5,m,20,23-May-2016,Sub5_Trial431_1,1,6,6,23.360826,False,1.364
5,432,5,m,20,23-May-2016,Sub5_Trial432_0,0,0,0,-34.973271,False,0.707
5,432,5,m,20,23-May-2016,Sub5_Trial432_0,0,1,1,-83.11296,False,0.707
5,432,5,m,20,23-May-2016,Sub5_Trial432_0,0,2,2,91.473049,False,0.707
5,432,5,m,20,23-May-2016,Sub5_Trial432_0,0,3,3,11.842825,False,0.707
5,432,5,m,20,23-May-2016,Sub5_Trial432_0,0,4,4,54.369217,False,0.707
5,432,5,m,20,23-May-2016,Sub5_Trial432_0,0,5,5,-107.983269,False,0.707
5,432,5,m,20,23-May-2016,Sub5_Trial432_0,0,6,6,109.560972,False,0.707
5,432,5,m,20,23-May-2016,Sub5_Trial432_1,1,0,0,-42.979461,True,0.707
5,432,5,m,20,23-May-2016,Sub5_Trial432_1,1,1,1,48.059281999999996,True,0.707
5,432,5,m,20,23-May-2016,Sub5_Trial432_1,1,2,2,-25.813866,True,0.707
5,432,5,m,20,23-May-2016,Sub5_Trial432_1,1,3,3,95.043429,True,0.707
5,432,5,m,20,23-May-2016,Sub5_Trial432_1,1,4,4,38.051128,True,0.707
5,432,5,m,20,23-May-2016,Sub5_Trial432_1,1,5,5,-33.147036,True,0.707
5,432,5,m,20,23-May-2016,Sub5_Trial432_1,1,6,6,72.007377,True,0.707
5,433,5,m,20,23-May-2016,Sub5_Trial433_0,0,0,0,-137.790232,False,3.509
5,433,5,m,20,23-May-2016,Sub5_Trial433_0,0,1,1,-26.122124999999997,False,3.509
5,433,5,m,20,23-May-2016,Sub5_Trial433_0,0,2,2,7.099243000000001,False,3.509
5,433,5,m,20,23-May-2016,Sub5_Trial433_0,0,3,3,-3.072372999999999,False,3.509
5,433,5,m,20,23-May-2016,Sub5_Trial433_0,0,4,4,118.096539,False,3.509
5,433,5,m,20,23-May-2016,Sub5_Trial433_0,0,5,5,5.3884609999999995,False,3.509
5,433,5,m,20,23-May-2016,Sub5_Trial433_0,0,6,6,-49.17646400000001,False,3.509
5,433,5,m,20,23-May-2016,Sub5_Trial433_1,1,0,0,10.082866,True,3.509
5,433,5,m,20,23-May-2016,Sub5_Trial433_1,1,1,1,49.56345300000001,True,3.509
5,433,5,m,20,23-May-2016,Sub5_Trial433_1,1,2,2,-4.877376999999999,True,3.509
5,433,5,m,20,23-May-2016,Sub5_Trial433_1,1,3,3,-59.778903,True,3.509
5,433,5,m,20,23-May-2016,Sub5_Trial433_1,1,4,4,-2.004891999999998,True,3.509
5,433,5,m,20,23-May-2016,Sub5_Trial433_1,1,5,5,19.230159999999998,True,3.509
5,433,5,m,20,23-May-2016,Sub5_Trial433_1,1,6,6,-97.93026,True,3.509
5,434,5,m,20,23-May-2016,Sub5_Trial434_0,0,0,0,73.755633,False,0.805
5,434,5,m,20,23-May-2016,Sub5_Trial434_0,0,1,1,111.995319,False,0.805
5,434,5,m,20,23-May-2016,Sub5_Trial434_0,0,2,2,-61.092213,False,0.805
5,434,5,m,20,23-May-2016,Sub5_Trial434_0,0,3,3,-83.283452,False,0.805
5,434,5,m,20,23-May-2016,Sub5_Trial434_0,0,4,4,43.071344,False,0.805
5,434,5,m,20,23-May-2016,Sub5_Trial434_0,0,5,5,-72.35803,False,0.805
5,434,5,m,20,23-May-2016,Sub5_Trial434_0,0,6,6,13.833613999999997,False,0.805
5,434,5,m,20,23-May-2016,Sub5_Trial434_1,1,0,0,-108.88493299999999,True,0.805
5,434,5,m,20,23-May-2016,Sub5_Trial434_1,1,1,1,-50.022087,True,0.805
5,434,5,m,20,23-May-2016,Sub5_Trial434_1,1,2,2,-71.508373,True,0.805
5,434,5,m,20,23-May-2016,Sub5_Trial434_1,1,3,3,-49.52429699999999,True,0.805
5,434,5,m,20,23-May-2016,Sub5_Trial434_1,1,4,4,-152.177568,True,0.805
5,434,5,m,20,23-May-2016,Sub5_Trial434_1,1,5,5,-34.821421,True,0.805
5,434,5,m,20,23-May-2016,Sub5_Trial434_1,1,6,6,46.085258,True,0.805
5,435,5,m,20,23-May-2016,Sub5_Trial435_0,0,0,0,92.748277,True,0.894
5,435,5,m,20,23-May-2016,Sub5_Trial435_0,0,1,1,-40.319286,True,0.894
5,435,5,m,20,23-May-2016,Sub5_Trial435_0,0,2,2,-117.142259,True,0.894
5,435,5,m,20,23-May-2016,Sub5_Trial435_0,0,3,3,-16.233454,True,0.894
5,435,5,m,20,23-May-2016,Sub5_Trial435_0,0,4,4,-38.586143,True,0.894
5,435,5,m,20,23-May-2016,Sub5_Trial435_0,0,5,5,36.732958,True,0.894
5,435,5,m,20,23-May-2016,Sub5_Trial435_0,0,6,6,-72.293475,True,0.894
5,435,5,m,20,23-May-2016,Sub5_Trial435_1,1,0,0,16.552343,False,0.894
5,435,5,m,20,23-May-2016,Sub5_Trial435_1,1,1,1,-75.094324,False,0.894
5,435,5,m,20,23-May-2016,Sub5_Trial435_1,1,2,2,-12.759438000000003,False,0.894
5,435,5,m,20,23-May-2016,Sub5_Trial435_1,1,3,3,-11.464041000000002,False,0.894
5,435,5,m,20,23-May-2016,Sub5_Trial435_1,1,4,4,44.013897,False,0.894
5,435,5,m,20,23-May-2016,Sub5_Trial435_1,1,5,5,-28.641487999999995,False,0.894
5,435,5,m,20,23-May-2016,Sub5_Trial435_1,1,6,6,-28.943094000000002,False,0.894
5,436,5,m,20,23-May-2016,Sub5_Trial436_0,0,0,0,45.816813999999994,True,1.546
5,436,5,m,20,23-May-2016,Sub5_Trial436_0,0,1,1,1.090332,True,1.546
5,436,5,m,20,23-May-2016,Sub5_Trial436_0,0,2,2,102.894463,True,1.546
5,436,5,m,20,23-May-2016,Sub5_Trial436_0,0,3,3,87.732218,True,1.546
5,436,5,m,20,23-May-2016,Sub5_Trial436_0,0,4,4,47.66704300000001,True,1.546
5,436,5,m,20,23-May-2016,Sub5_Trial436_0,0,5,5,-41.330848,True,1.546
5,436,5,m,20,23-May-2016,Sub5_Trial436_0,0,6,6,-3.9879019999999983,True,1.546
5,436,5,m,20,23-May-2016,Sub5_Trial436_1,1,0,0,85.627878,False,1.546
5,436,5,m,20,23-May-2016,Sub5_Trial436_1,1,1,1,41.717092,False,1.546
5,436,5,m,20,23-May-2016,Sub5_Trial436_1,1,2,2,-110.85717199999999,False,1.546
5,436,5,m,20,23-May-2016,Sub5_Trial436_1,1,3,3,38.102297,False,1.546
5,436,5,m,20,23-May-2016,Sub5_Trial436_1,1,4,4,9.0763,False,1.546
5,436,5,m,20,23-May-2016,Sub5_Trial436_1,1,5,5,-71.124571,False,1.546
5,436,5,m,20,23-May-2016,Sub5_Trial436_1,1,6,6,-48.79102,False,1.546
5,437,5,m,20,23-May-2016,Sub5_Trial437_0,0,0,0,-27.126843,True,0.714
5,437,5,m,20,23-May-2016,Sub5_Trial437_0,0,1,1,114.283207,True,0.714
5,437,5,m,20,23-May-2016,Sub5_Trial437_0,0,2,2,-53.313053,True,0.714
5,437,5,m,20,23-May-2016,Sub5_Trial437_0,0,3,3,106.805329,True,0.714
5,437,5,m,20,23-May-2016,Sub5_Trial437_0,0,4,4,18.683579,True,0.714
5,437,5,m,20,23-May-2016,Sub5_Trial437_0,0,5,5,15.855846999999997,True,0.714
5,437,5,m,20,23-May-2016,Sub5_Trial437_0,0,6,6,-33.855136,True,0.714
5,437,5,m,20,23-May-2016,Sub5_Trial437_1,1,0,0,-91.654762,False,0.714
5,437,5,m,20,23-May-2016,Sub5_Trial437_1,1,1,1,30.98528,False,0.714
5,437,5,m,20,23-May-2016,Sub5_Trial437_1,1,2,2,14.082433,False,0.714
5,437,5,m,20,23-May-2016,Sub5_Trial437_1,1,3,3,-8.688099000000001,False,0.714
5,437,5,m,20,23-May-2016,Sub5_Trial437_1,1,4,4,-16.545831,False,0.714
5,437,5,m,20,23-May-2016,Sub5_Trial437_1,1,5,5,-44.72124199999999,False,0.714
5,437,5,m,20,23-May-2016,Sub5_Trial437_1,1,6,6,-25.105726000000004,False,0.714
5,438,5,m,20,23-May-2016,Sub5_Trial438_0,0,0,0,75.165779,False,0.588
5,438,5,m,20,23-May-2016,Sub5_Trial438_0,0,1,1,-34.261603,False,0.588
5,438,5,m,20,23-May-2016,Sub5_Trial438_0,0,2,2,54.37006,False,0.588
5,438,5,m,20,23-May-2016,Sub5_Trial438_0,0,3,3,-32.312249,False,0.588
5,438,5,m,20,23-May-2016,Sub5_Trial438_0,0,4,4,-58.417317999999995,False,0.588
5,438,5,m,20,23-May-2016,Sub5_Trial438_0,0,5,5,-54.998626,False,0.588
5,438,5,m,20,23-May-2016,Sub5_Trial438_0,0,6,6,-40.791197,False,0.588
5,438,5,m,20,23-May-2016,Sub5_Trial438_1,1,0,0,39.538464,True,0.588
5,438,5,m,20,23-May-2016,Sub5_Trial438_1,1,1,1,-78.244509,True,0.588
5,438,5,m,20,23-May-2016,Sub5_Trial438_1,1,2,2,-25.105648,True,0.588
5,438,5,m,20,23-May-2016,Sub5_Trial438_1,1,3,3,33.395427,True,0.588
5,438,5,m,20,23-May-2016,Sub5_Trial438_1,1,4,4,3.4033930000000012,True,0.588
5,438,5,m,20,23-May-2016,Sub5_Trial438_1,1,5,5,-14.697966,True,0.588
5,438,5,m,20,23-May-2016,Sub5_Trial438_1,1,6,6,-70.867587,True,0.588
5,439,5,m,20,23-May-2016,Sub5_Trial439_0,0,0,0,36.561641,False,1.21
5,439,5,m,20,23-May-2016,Sub5_Trial439_0,0,1,1,35.344303,False,1.21
5,439,5,m,20,23-May-2016,Sub5_Trial439_0,0,2,2,118.59006,False,1.21
5,439,5,m,20,23-May-2016,Sub5_Trial439_0,0,3,3,-0.2441910000000007,False,1.21
5,439,5,m,20,23-May-2016,Sub5_Trial439_0,0,4,4,18.201675,False,1.21
5,439,5,m,20,23-May-2016,Sub5_Trial439_0,0,5,5,-121.249932,False,1.21
5,439,5,m,20,23-May-2016,Sub5_Trial439_0,0,6,6,-53.59455299999999,False,1.21
5,439,5,m,20,23-May-2016,Sub5_Trial439_1,1,0,0,34.498923,True,1.21
5,439,5,m,20,23-May-2016,Sub5_Trial439_1,1,1,1,-35.501959,True,1.21
5,439,5,m,20,23-May-2016,Sub5_Trial439_1,1,2,2,20.202506,True,1.21
5,439,5,m,20,23-May-2016,Sub5_Trial439_1,1,3,3,32.55923,True,1.21
5,439,5,m,20,23-May-2016,Sub5_Trial439_1,1,4,4,53.24818500000001,True,1.21
5,439,5,m,20,23-May-2016,Sub5_Trial439_1,1,5,5,-92.048516,True,1.21
5,439,5,m,20,23-May-2016,Sub5_Trial439_1,1,6,6,-35.862506,True,1.21
5,440,5,m,20,23-May-2016,Sub5_Trial440_0,0,0,0,70.942717,True,0.664
5,440,5,m,20,23-May-2016,Sub5_Trial440_0,0,1,1,-78.887497,True,0.664
5,440,5,m,20,23-May-2016,Sub5_Trial440_0,0,2,2,133.547071,True,0.664
5,440,5,m,20,23-May-2016,Sub5_Trial440_0,0,3,3,87.363021,True,0.664
5,440,5,m,20,23-May-2016,Sub5_Trial440_0,0,4,4,-38.04821,True,0.664
5,440,5,m,20,23-May-2016,Sub5_Trial440_0,0,5,5,43.038239,True,0.664
5,440,5,m,20,23-May-2016,Sub5_Trial440_0,0,6,6,-32.224175,True,0.664
5,440,5,m,20,23-May-2016,Sub5_Trial440_1,1,0,0,61.469346,False,0.664
5,440,5,m,20,23-May-2016,Sub5_Trial440_1,1,1,1,60.727671,False,0.664
5,440,5,m,20,23-May-2016,Sub5_Trial440_1,1,2,2,-117.43524100000002,False,0.664
5,440,5,m,20,23-May-2016,Sub5_Trial440_1,1,3,3,-56.721813,False,0.664
5,440,5,m,20,23-May-2016,Sub5_Trial440_1,1,4,4,-32.582127,False,0.664
5,440,5,m,20,23-May-2016,Sub5_Trial440_1,1,5,5,-71.176493,False,0.664
5,440,5,m,20,23-May-2016,Sub5_Trial440_1,1,6,6,65.116089,False,0.664
5,441,5,m,20,23-May-2016,Sub5_Trial441_0,0,0,0,71.514738,False,0.944
5,441,5,m,20,23-May-2016,Sub5_Trial441_0,0,1,1,-38.709237,False,0.944
5,441,5,m,20,23-May-2016,Sub5_Trial441_0,0,2,2,-98.996215,False,0.944
5,441,5,m,20,23-May-2016,Sub5_Trial441_0,0,3,3,45.964664,False,0.944
5,441,5,m,20,23-May-2016,Sub5_Trial441_0,0,4,4,-55.9683,False,0.944
5,441,5,m,20,23-May-2016,Sub5_Trial441_0,0,5,5,31.23392,False,0.944
5,441,5,m,20,23-May-2016,Sub5_Trial441_0,0,6,6,-13.712987999999996,False,0.944
5,441,5,m,20,23-May-2016,Sub5_Trial441_1,1,0,0,-36.014122,True,0.944
5,441,5,m,20,23-May-2016,Sub5_Trial441_1,1,1,1,73.959558,True,0.944
5,441,5,m,20,23-May-2016,Sub5_Trial441_1,1,2,2,-1.4147779999999983,True,0.944
5,441,5,m,20,23-May-2016,Sub5_Trial441_1,1,3,3,-31.84847,True,0.944
5,441,5,m,20,23-May-2016,Sub5_Trial441_1,1,4,4,-99.124682,True,0.944
5,441,5,m,20,23-May-2016,Sub5_Trial441_1,1,5,5,46.869337,True,0.944
5,441,5,m,20,23-May-2016,Sub5_Trial441_1,1,6,6,-79.640097,True,0.944
5,442,5,m,20,23-May-2016,Sub5_Trial442_0,0,0,0,49.876603,True,0.989
5,442,5,m,20,23-May-2016,Sub5_Trial442_0,0,1,1,-11.707086,True,0.989
5,442,5,m,20,23-May-2016,Sub5_Trial442_0,0,2,2,-66.328988,True,0.989
5,442,5,m,20,23-May-2016,Sub5_Trial442_0,0,3,3,-13.896401,True,0.989
5,442,5,m,20,23-May-2016,Sub5_Trial442_0,0,4,4,36.229613,True,0.989
5,442,5,m,20,23-May-2016,Sub5_Trial442_0,0,5,5,148.831417,True,0.989
5,442,5,m,20,23-May-2016,Sub5_Trial442_0,0,6,6,-33.676668,True,0.989
5,442,5,m,20,23-May-2016,Sub5_Trial442_1,1,0,0,-74.849525,False,0.989
5,442,5,m,20,23-May-2016,Sub5_Trial442_1,1,1,1,141.272293,False,0.989
5,442,5,m,20,23-May-2016,Sub5_Trial442_1,1,2,2,-102.202243,False,0.989
5,442,5,m,20,23-May-2016,Sub5_Trial442_1,1,3,3,-1.4562549999999987,False,0.989
5,442,5,m,20,23-May-2016,Sub5_Trial442_1,1,4,4,-100.864066,False,0.989
5,442,5,m,20,23-May-2016,Sub5_Trial442_1,1,5,5,42.741759,False,0.989
5,442,5,m,20,23-May-2016,Sub5_Trial442_1,1,6,6,-31.086514,False,0.989
5,443,5,m,20,23-May-2016,Sub5_Trial443_0,0,0,0,-77.355345,True,0.811
5,443,5,m,20,23-May-2016,Sub5_Trial443_0,0,1,1,107.960406,True,0.811
5,443,5,m,20,23-May-2016,Sub5_Trial443_0,0,2,2,62.098876,True,0.811
5,443,5,m,20,23-May-2016,Sub5_Trial443_0,0,3,3,135.113997,True,0.811
5,443,5,m,20,23-May-2016,Sub5_Trial443_0,0,4,4,16.787866,True,0.811
5,443,5,m,20,23-May-2016,Sub5_Trial443_0,0,5,5,-52.88426200000001,True,0.811
5,443,5,m,20,23-May-2016,Sub5_Trial443_0,0,6,6,20.788482,True,0.811
5,443,5,m,20,23-May-2016,Sub5_Trial443_1,1,0,0,-6.441253,False,0.811
5,443,5,m,20,23-May-2016,Sub5_Trial443_1,1,1,1,-67.445764,False,0.811
5,443,5,m,20,23-May-2016,Sub5_Trial443_1,1,2,2,52.73417599999999,False,0.811
5,443,5,m,20,23-May-2016,Sub5_Trial443_1,1,3,3,-42.126318,False,0.811
5,443,5,m,20,23-May-2016,Sub5_Trial443_1,1,4,4,81.128711,False,0.811
5,443,5,m,20,23-May-2016,Sub5_Trial443_1,1,5,5,-49.142041,False,0.811
5,443,5,m,20,23-May-2016,Sub5_Trial443_1,1,6,6,-67.878464,False,0.811
5,444,5,m,20,23-May-2016,Sub5_Trial444_0,0,0,0,-97.855437,True,0.611
5,444,5,m,20,23-May-2016,Sub5_Trial444_0,0,1,1,-36.67554,True,0.611
5,444,5,m,20,23-May-2016,Sub5_Trial444_0,0,2,2,13.928099000000003,True,0.611
5,444,5,m,20,23-May-2016,Sub5_Trial444_0,0,3,3,71.594653,True,0.611
5,444,5,m,20,23-May-2016,Sub5_Trial444_0,0,4,4,-31.788902,True,0.611
5,444,5,m,20,23-May-2016,Sub5_Trial444_0,0,5,5,96.713819,True,0.611
5,444,5,m,20,23-May-2016,Sub5_Trial444_0,0,6,6,1.6488349999999983,True,0.611
5,444,5,m,20,23-May-2016,Sub5_Trial444_1,1,0,0,32.365455,False,0.611
5,444,5,m,20,23-May-2016,Sub5_Trial444_1,1,1,1,-64.037182,False,0.611
5,444,5,m,20,23-May-2016,Sub5_Trial444_1,1,2,2,16.719584,False,0.611
5,444,5,m,20,23-May-2016,Sub5_Trial444_1,1,3,3,137.777109,False,0.611
5,444,5,m,20,23-May-2016,Sub5_Trial444_1,1,4,4,35.148002,False,0.611
5,444,5,m,20,23-May-2016,Sub5_Trial444_1,1,5,5,-43.528841,False,0.611
5,444,5,m,20,23-May-2016,Sub5_Trial444_1,1,6,6,47.28283,False,0.611
5,445,5,m,20,23-May-2016,Sub5_Trial445_0,0,0,0,92.814782,True,0.752
5,445,5,m,20,23-May-2016,Sub5_Trial445_0,0,1,1,-76.033051,True,0.752
5,445,5,m,20,23-May-2016,Sub5_Trial445_0,0,2,2,-21.313212,True,0.752
5,445,5,m,20,23-May-2016,Sub5_Trial445_0,0,3,3,5.330359000000001,True,0.752
5,445,5,m,20,23-May-2016,Sub5_Trial445_0,0,4,4,-3.376511999999998,True,0.752
5,445,5,m,20,23-May-2016,Sub5_Trial445_0,0,5,5,66.395186,True,0.752
5,445,5,m,20,23-May-2016,Sub5_Trial445_0,0,6,6,4.849838999999999,True,0.752
5,445,5,m,20,23-May-2016,Sub5_Trial445_1,1,0,0,44.778095,False,0.752
5,445,5,m,20,23-May-2016,Sub5_Trial445_1,1,1,1,-24.824734,False,0.752
5,445,5,m,20,23-May-2016,Sub5_Trial445_1,1,2,2,-56.38801599999999,False,0.752
5,445,5,m,20,23-May-2016,Sub5_Trial445_1,1,3,3,-9.080762,False,0.752
5,445,5,m,20,23-May-2016,Sub5_Trial445_1,1,4,4,-58.682654,False,0.752
5,445,5,m,20,23-May-2016,Sub5_Trial445_1,1,5,5,-57.27817,False,0.752
5,445,5,m,20,23-May-2016,Sub5_Trial445_1,1,6,6,-6.210175,False,0.752
5,446,5,m,20,23-May-2016,Sub5_Trial446_0,0,0,0,61.477126999999996,True,1.961
5,446,5,m,20,23-May-2016,Sub5_Trial446_0,0,1,1,-128.743102,True,1.961
5,446,5,m,20,23-May-2016,Sub5_Trial446_0,0,2,2,69.690235,True,1.961
5,446,5,m,20,23-May-2016,Sub5_Trial446_0,0,3,3,-75.902835,True,1.961
5,446,5,m,20,23-May-2016,Sub5_Trial446_0,0,4,4,-47.761314,True,1.961
5,446,5,m,20,23-May-2016,Sub5_Trial446_0,0,5,5,63.64313200000001,True,1.961
5,446,5,m,20,23-May-2016,Sub5_Trial446_0,0,6,6,68.194291,True,1.961
5,446,5,m,20,23-May-2016,Sub5_Trial446_1,1,0,0,39.030343,False,1.961
5,446,5,m,20,23-May-2016,Sub5_Trial446_1,1,1,1,-59.85214500000001,False,1.961
5,446,5,m,20,23-May-2016,Sub5_Trial446_1,1,2,2,4.727598,False,1.961
5,446,5,m,20,23-May-2016,Sub5_Trial446_1,1,3,3,-82.197264,False,1.961
5,446,5,m,20,23-May-2016,Sub5_Trial446_1,1,4,4,-132.014153,False,1.961
5,446,5,m,20,23-May-2016,Sub5_Trial446_1,1,5,5,-56.445100999999994,False,1.961
5,446,5,m,20,23-May-2016,Sub5_Trial446_1,1,6,6,31.873137,False,1.961
5,447,5,m,20,23-May-2016,Sub5_Trial447_0,0,0,0,34.381432,True,2.914
5,447,5,m,20,23-May-2016,Sub5_Trial447_0,0,1,1,81.662958,True,2.914
5,447,5,m,20,23-May-2016,Sub5_Trial447_0,0,2,2,-104.550666,True,2.914
5,447,5,m,20,23-May-2016,Sub5_Trial447_0,0,3,3,-149.227651,True,2.914
5,447,5,m,20,23-May-2016,Sub5_Trial447_0,0,4,4,115.171652,True,2.914
5,447,5,m,20,23-May-2016,Sub5_Trial447_0,0,5,5,-59.072756,True,2.914
5,447,5,m,20,23-May-2016,Sub5_Trial447_0,0,6,6,4.211084,True,2.914
5,447,5,m,20,23-May-2016,Sub5_Trial447_1,1,0,0,150.011753,False,2.914
5,447,5,m,20,23-May-2016,Sub5_Trial447_1,1,1,1,48.18201,False,2.914
5,447,5,m,20,23-May-2016,Sub5_Trial447_1,1,2,2,-29.643401999999995,False,2.914
5,447,5,m,20,23-May-2016,Sub5_Trial447_1,1,3,3,19.251262,False,2.914
5,447,5,m,20,23-May-2016,Sub5_Trial447_1,1,4,4,-88.224687,False,2.914
5,447,5,m,20,23-May-2016,Sub5_Trial447_1,1,5,5,13.068077,False,2.914
5,447,5,m,20,23-May-2016,Sub5_Trial447_1,1,6,6,95.772236,False,2.914
5,448,5,m,20,23-May-2016,Sub5_Trial448_0,0,0,0,64.764172,False,0.752
5,448,5,m,20,23-May-2016,Sub5_Trial448_0,0,1,1,-123.231426,False,0.752
5,448,5,m,20,23-May-2016,Sub5_Trial448_0,0,2,2,-50.935794,False,0.752
5,448,5,m,20,23-May-2016,Sub5_Trial448_0,0,3,3,28.194737000000003,False,0.752
5,448,5,m,20,23-May-2016,Sub5_Trial448_0,0,4,4,-40.577079,False,0.752
5,448,5,m,20,23-May-2016,Sub5_Trial448_0,0,5,5,-10.114534,False,0.752
5,448,5,m,20,23-May-2016,Sub5_Trial448_0,0,6,6,42.601538,False,0.752
5,448,5,m,20,23-May-2016,Sub5_Trial448_1,1,0,0,28.400623,True,0.752
5,448,5,m,20,23-May-2016,Sub5_Trial448_1,1,1,1,-2.6350230000000003,True,0.752
5,448,5,m,20,23-May-2016,Sub5_Trial448_1,1,2,2,-93.00459,True,0.752
5,448,5,m,20,23-May-2016,Sub5_Trial448_1,1,3,3,-25.224382,True,0.752
5,448,5,m,20,23-May-2016,Sub5_Trial448_1,1,4,4,88.03787,True,0.752
5,448,5,m,20,23-May-2016,Sub5_Trial448_1,1,5,5,49.818601,True,0.752
5,448,5,m,20,23-May-2016,Sub5_Trial448_1,1,6,6,-85.690453,True,0.752
5,449,5,m,20,23-May-2016,Sub5_Trial449_0,0,0,0,116.86335200000002,False,3.438
5,449,5,m,20,23-May-2016,Sub5_Trial449_0,0,1,1,-58.407061,False,3.438
5,449,5,m,20,23-May-2016,Sub5_Trial449_0,0,2,2,106.979127,False,3.438
5,449,5,m,20,23-May-2016,Sub5_Trial449_0,0,3,3,54.145741,False,3.438
5,449,5,m,20,23-May-2016,Sub5_Trial449_0,0,4,4,24.114989,False,3.438
5,449,5,m,20,23-May-2016,Sub5_Trial449_0,0,5,5,-48.102175,False,3.438
5,449,5,m,20,23-May-2016,Sub5_Trial449_0,0,6,6,-13.422236,False,3.438
5,449,5,m,20,23-May-2016,Sub5_Trial449_1,1,0,0,-72.86962,True,3.438
5,449,5,m,20,23-May-2016,Sub5_Trial449_1,1,1,1,-101.536746,True,3.438
5,449,5,m,20,23-May-2016,Sub5_Trial449_1,1,2,2,23.837293,True,3.438
5,449,5,m,20,23-May-2016,Sub5_Trial449_1,1,3,3,-81.489234,True,3.438
5,449,5,m,20,23-May-2016,Sub5_Trial449_1,1,4,4,-74.072956,True,3.438
5,449,5,m,20,23-May-2016,Sub5_Trial449_1,1,5,5,36.592731,True,3.438
5,449,5,m,20,23-May-2016,Sub5_Trial449_1,1,6,6,37.789392,True,3.438
5,450,5,m,20,23-May-2016,Sub5_Trial450_0,0,0,0,72.471271,True,1.39
5,450,5,m,20,23-May-2016,Sub5_Trial450_0,0,1,1,28.266546000000005,True,1.39
5,450,5,m,20,23-May-2016,Sub5_Trial450_0,0,2,2,-20.881793,True,1.39
5,450,5,m,20,23-May-2016,Sub5_Trial450_0,0,3,3,42.8121,True,1.39
5,450,5,m,20,23-May-2016,Sub5_Trial450_0,0,4,4,54.29753099999999,True,1.39
5,450,5,m,20,23-May-2016,Sub5_Trial450_0,0,5,5,8.287835000000001,True,1.39
5,450,5,m,20,23-May-2016,Sub5_Trial450_0,0,6,6,-58.510325,True,1.39
5,450,5,m,20,23-May-2016,Sub5_Trial450_1,1,0,0,132.614792,False,1.39
5,450,5,m,20,23-May-2016,Sub5_Trial450_1,1,1,1,-12.081848999999998,False,1.39
5,450,5,m,20,23-May-2016,Sub5_Trial450_1,1,2,2,98.446849,False,1.39
5,450,5,m,20,23-May-2016,Sub5_Trial450_1,1,3,3,78.795729,False,1.39
5,450,5,m,20,23-May-2016,Sub5_Trial450_1,1,4,4,108.165505,False,1.39
5,450,5,m,20,23-May-2016,Sub5_Trial450_1,1,5,5,14.274739,False,1.39
5,450,5,m,20,23-May-2016,Sub5_Trial450_1,1,6,6,64.365654,False,1.39
5,451,5,m,20,23-May-2016,Sub5_Trial451_0,0,0,0,-63.76545999999999,True,1.809
5,451,5,m,20,23-May-2016,Sub5_Trial451_0,0,1,1,-18.225034,True,1.809
5,451,5,m,20,23-May-2016,Sub5_Trial451_0,0,2,2,-38.99961,True,1.809
5,451,5,m,20,23-May-2016,Sub5_Trial451_0,0,3,3,-26.721435,True,1.809
5,451,5,m,20,23-May-2016,Sub5_Trial451_0,0,4,4,-29.926973000000004,True,1.809
5,451,5,m,20,23-May-2016,Sub5_Trial451_0,0,5,5,109.206313,True,1.809
5,451,5,m,20,23-May-2016,Sub5_Trial451_0,0,6,6,54.651818,True,1.809
5,451,5,m,20,23-May-2016,Sub5_Trial451_1,1,0,0,78.706577,False,1.809
5,451,5,m,20,23-May-2016,Sub5_Trial451_1,1,1,1,1.9043269999999985,False,1.809
5,451,5,m,20,23-May-2016,Sub5_Trial451_1,1,2,2,-131.151257,False,1.809
5,451,5,m,20,23-May-2016,Sub5_Trial451_1,1,3,3,-14.117856,False,1.809
5,451,5,m,20,23-May-2016,Sub5_Trial451_1,1,4,4,87.807447,False,1.809
5,451,5,m,20,23-May-2016,Sub5_Trial451_1,1,5,5,-40.606608,False,1.809
5,451,5,m,20,23-May-2016,Sub5_Trial451_1,1,6,6,21.197953999999996,False,1.809
5,452,5,m,20,23-May-2016,Sub5_Trial452_0,0,0,0,-16.653295999999997,False,0.685
5,452,5,m,20,23-May-2016,Sub5_Trial452_0,0,1,1,-10.649183,False,0.685
5,452,5,m,20,23-May-2016,Sub5_Trial452_0,0,2,2,14.937414,False,0.685
5,452,5,m,20,23-May-2016,Sub5_Trial452_0,0,3,3,-12.051918999999998,False,0.685
5,452,5,m,20,23-May-2016,Sub5_Trial452_0,0,4,4,0.6183720000000008,False,0.685
5,452,5,m,20,23-May-2016,Sub5_Trial452_0,0,5,5,47.593386,False,0.685
5,452,5,m,20,23-May-2016,Sub5_Trial452_0,0,6,6,-115.241895,False,0.685
5,452,5,m,20,23-May-2016,Sub5_Trial452_1,1,0,0,101.569781,True,0.685
5,452,5,m,20,23-May-2016,Sub5_Trial452_1,1,1,1,19.428793,True,0.685
5,452,5,m,20,23-May-2016,Sub5_Trial452_1,1,2,2,5.413276,True,0.685
5,452,5,m,20,23-May-2016,Sub5_Trial452_1,1,3,3,-33.60852,True,0.685
5,452,5,m,20,23-May-2016,Sub5_Trial452_1,1,4,4,39.550376,True,0.685
5,452,5,m,20,23-May-2016,Sub5_Trial452_1,1,5,5,41.385684,True,0.685
5,452,5,m,20,23-May-2016,Sub5_Trial452_1,1,6,6,-72.517744,True,0.685
5,453,5,m,20,23-May-2016,Sub5_Trial453_0,0,0,0,115.936259,False,0.781
5,453,5,m,20,23-May-2016,Sub5_Trial453_0,0,1,1,76.526989,False,0.781
5,453,5,m,20,23-May-2016,Sub5_Trial453_0,0,2,2,-81.05924,False,0.781
5,453,5,m,20,23-May-2016,Sub5_Trial453_0,0,3,3,46.177441,False,0.781
5,453,5,m,20,23-May-2016,Sub5_Trial453_0,0,4,4,68.679944,False,0.781
5,453,5,m,20,23-May-2016,Sub5_Trial453_0,0,5,5,-59.546227,False,0.781
5,453,5,m,20,23-May-2016,Sub5_Trial453_0,0,6,6,-105.619701,False,0.781
5,453,5,m,20,23-May-2016,Sub5_Trial453_1,1,0,0,99.408145,True,0.781
5,453,5,m,20,23-May-2016,Sub5_Trial453_1,1,1,1,35.591745,True,0.781
5,453,5,m,20,23-May-2016,Sub5_Trial453_1,1,2,2,-72.431985,True,0.781
5,453,5,m,20,23-May-2016,Sub5_Trial453_1,1,3,3,24.002307000000002,True,0.781
5,453,5,m,20,23-May-2016,Sub5_Trial453_1,1,4,4,-98.981086,True,0.781
5,453,5,m,20,23-May-2016,Sub5_Trial453_1,1,5,5,-80.867159,True,0.781
5,453,5,m,20,23-May-2016,Sub5_Trial453_1,1,6,6,-10.497871,True,0.781
5,454,5,m,20,23-May-2016,Sub5_Trial454_0,0,0,0,50.675382,False,0.959
5,454,5,m,20,23-May-2016,Sub5_Trial454_0,0,1,1,-78.453671,False,0.959
5,454,5,m,20,23-May-2016,Sub5_Trial454_0,0,2,2,-85.634581,False,0.959
5,454,5,m,20,23-May-2016,Sub5_Trial454_0,0,3,3,27.557281000000003,False,0.959
5,454,5,m,20,23-May-2016,Sub5_Trial454_0,0,4,4,-64.025097,False,0.959
5,454,5,m,20,23-May-2016,Sub5_Trial454_0,0,5,5,22.273843,False,0.959
5,454,5,m,20,23-May-2016,Sub5_Trial454_0,0,6,6,95.024011,False,0.959
5,454,5,m,20,23-May-2016,Sub5_Trial454_1,1,0,0,45.674098,True,0.959
5,454,5,m,20,23-May-2016,Sub5_Trial454_1,1,1,1,-17.534802,True,0.959
5,454,5,m,20,23-May-2016,Sub5_Trial454_1,1,2,2,50.62671,True,0.959
5,454,5,m,20,23-May-2016,Sub5_Trial454_1,1,3,3,55.256953,True,0.959
5,454,5,m,20,23-May-2016,Sub5_Trial454_1,1,4,4,54.957048,True,0.959
5,454,5,m,20,23-May-2016,Sub5_Trial454_1,1,5,5,127.318576,True,0.959
5,454,5,m,20,23-May-2016,Sub5_Trial454_1,1,6,6,-42.316235,True,0.959
5,455,5,m,20,23-May-2016,Sub5_Trial455_0,0,0,0,90.196188,True,5.055
5,455,5,m,20,23-May-2016,Sub5_Trial455_0,0,1,1,33.737304,True,5.055
5,455,5,m,20,23-May-2016,Sub5_Trial455_0,0,2,2,-21.153759,True,5.055
5,455,5,m,20,23-May-2016,Sub5_Trial455_0,0,3,3,32.31629,True,5.055
5,455,5,m,20,23-May-2016,Sub5_Trial455_0,0,4,4,-128.422074,True,5.055
5,455,5,m,20,23-May-2016,Sub5_Trial455_0,0,5,5,112.1467,True,5.055
5,455,5,m,20,23-May-2016,Sub5_Trial455_0,0,6,6,-22.33545,True,5.055
5,455,5,m,20,23-May-2016,Sub5_Trial455_1,1,0,0,-12.439468,False,5.055
5,455,5,m,20,23-May-2016,Sub5_Trial455_1,1,1,1,69.50654,False,5.055
5,455,5,m,20,23-May-2016,Sub5_Trial455_1,1,2,2,-70.725123,False,5.055
5,455,5,m,20,23-May-2016,Sub5_Trial455_1,1,3,3,31.846706999999995,False,5.055
5,455,5,m,20,23-May-2016,Sub5_Trial455_1,1,4,4,-74.721564,False,5.055
5,455,5,m,20,23-May-2016,Sub5_Trial455_1,1,5,5,0.28977899999999934,False,5.055
5,455,5,m,20,23-May-2016,Sub5_Trial455_1,1,6,6,76.653195,False,5.055
5,456,5,m,20,23-May-2016,Sub5_Trial456_0,0,0,0,-79.316339,False,0.782
5,456,5,m,20,23-May-2016,Sub5_Trial456_0,0,1,1,135.996957,False,0.782
5,456,5,m,20,23-May-2016,Sub5_Trial456_0,0,2,2,82.146592,False,0.782
5,456,5,m,20,23-May-2016,Sub5_Trial456_0,0,3,3,85.982245,False,0.782
5,456,5,m,20,23-May-2016,Sub5_Trial456_0,0,4,4,76.503956,False,0.782
5,456,5,m,20,23-May-2016,Sub5_Trial456_0,0,5,5,40.767607,False,0.782
5,456,5,m,20,23-May-2016,Sub5_Trial456_0,0,6,6,39.633207,False,0.782
5,456,5,m,20,23-May-2016,Sub5_Trial456_1,1,0,0,96.390156,True,0.782
5,456,5,m,20,23-May-2016,Sub5_Trial456_1,1,1,1,5.023907999999999,True,0.782
5,456,5,m,20,23-May-2016,Sub5_Trial456_1,1,2,2,-55.60912,True,0.782
5,456,5,m,20,23-May-2016,Sub5_Trial456_1,1,3,3,-151.786887,True,0.782
5,456,5,m,20,23-May-2016,Sub5_Trial456_1,1,4,4,-38.731882,True,0.782
5,456,5,m,20,23-May-2016,Sub5_Trial456_1,1,5,5,12.385897,True,0.782
5,456,5,m,20,23-May-2016,Sub5_Trial456_1,1,6,6,-10.060928,True,0.782
5,457,5,m,20,23-May-2016,Sub5_Trial457_0,0,0,0,-18.861027,True,1.096
5,457,5,m,20,23-May-2016,Sub5_Trial457_0,0,1,1,57.491911,True,1.096
5,457,5,m,20,23-May-2016,Sub5_Trial457_0,0,2,2,-26.426133,True,1.096
5,457,5,m,20,23-May-2016,Sub5_Trial457_0,0,3,3,40.396424,True,1.096
5,457,5,m,20,23-May-2016,Sub5_Trial457_0,0,4,4,-57.228714,True,1.096
5,457,5,m,20,23-May-2016,Sub5_Trial457_0,0,5,5,-17.787382,True,1.096
5,457,5,m,20,23-May-2016,Sub5_Trial457_0,0,6,6,-102.073136,True,1.096
5,457,5,m,20,23-May-2016,Sub5_Trial457_1,1,0,0,-37.590258,False,1.096
5,457,5,m,20,23-May-2016,Sub5_Trial457_1,1,1,1,-5.709529,False,1.096
5,457,5,m,20,23-May-2016,Sub5_Trial457_1,1,2,2,30.640513,False,1.096
5,457,5,m,20,23-May-2016,Sub5_Trial457_1,1,3,3,93.38112,False,1.096
5,457,5,m,20,23-May-2016,Sub5_Trial457_1,1,4,4,-80.605817,False,1.096
5,457,5,m,20,23-May-2016,Sub5_Trial457_1,1,5,5,-15.407999000000004,False,1.096
5,457,5,m,20,23-May-2016,Sub5_Trial457_1,1,6,6,-79.34992,False,1.096
5,458,5,m,20,23-May-2016,Sub5_Trial458_0,0,0,0,48.52696900000001,True,0.825
5,458,5,m,20,23-May-2016,Sub5_Trial458_0,0,1,1,62.071586999999994,True,0.825
5,458,5,m,20,23-May-2016,Sub5_Trial458_0,0,2,2,69.879144,True,0.825
5,458,5,m,20,23-May-2016,Sub5_Trial458_0,0,3,3,31.829633,True,0.825
5,458,5,m,20,23-May-2016,Sub5_Trial458_0,0,4,4,13.681151999999997,True,0.825
5,458,5,m,20,23-May-2016,Sub5_Trial458_0,0,5,5,-129.016353,True,0.825
5,458,5,m,20,23-May-2016,Sub5_Trial458_0,0,6,6,62.72394700000001,True,0.825
5,458,5,m,20,23-May-2016,Sub5_Trial458_1,1,0,0,134.837969,False,0.825
5,458,5,m,20,23-May-2016,Sub5_Trial458_1,1,1,1,8.857873,False,0.825
5,458,5,m,20,23-May-2016,Sub5_Trial458_1,1,2,2,84.913866,False,0.825
5,458,5,m,20,23-May-2016,Sub5_Trial458_1,1,3,3,17.144732,False,0.825
5,458,5,m,20,23-May-2016,Sub5_Trial458_1,1,4,4,37.415242,False,0.825
5,458,5,m,20,23-May-2016,Sub5_Trial458_1,1,5,5,-14.575164999999998,False,0.825
5,458,5,m,20,23-May-2016,Sub5_Trial458_1,1,6,6,-37.352065,False,0.825
5,459,5,m,20,23-May-2016,Sub5_Trial459_0,0,0,0,-140.81699,True,1.971
5,459,5,m,20,23-May-2016,Sub5_Trial459_0,0,1,1,90.704772,True,1.971
5,459,5,m,20,23-May-2016,Sub5_Trial459_0,0,2,2,-32.007062,True,1.971
5,459,5,m,20,23-May-2016,Sub5_Trial459_0,0,3,3,78.524081,True,1.971
5,459,5,m,20,23-May-2016,Sub5_Trial459_0,0,4,4,-20.20286,True,1.971
5,459,5,m,20,23-May-2016,Sub5_Trial459_0,0,5,5,-12.448917,True,1.971
5,459,5,m,20,23-May-2016,Sub5_Trial459_0,0,6,6,0.15465700000000027,True,1.971
5,459,5,m,20,23-May-2016,Sub5_Trial459_1,1,0,0,13.344203,False,1.971
5,459,5,m,20,23-May-2016,Sub5_Trial459_1,1,1,1,0.7515239999999999,False,1.971
5,459,5,m,20,23-May-2016,Sub5_Trial459_1,1,2,2,-29.608131,False,1.971
5,459,5,m,20,23-May-2016,Sub5_Trial459_1,1,3,3,51.356441,False,1.971
5,459,5,m,20,23-May-2016,Sub5_Trial459_1,1,4,4,40.911459,False,1.971
5,459,5,m,20,23-May-2016,Sub5_Trial459_1,1,5,5,-19.632186000000004,False,1.971
5,459,5,m,20,23-May-2016,Sub5_Trial459_1,1,6,6,10.029773,False,1.971
5,460,5,m,20,23-May-2016,Sub5_Trial460_0,0,0,0,28.344028,False,0.681
5,460,5,m,20,23-May-2016,Sub5_Trial460_0,0,1,1,37.716711,False,0.681
5,460,5,m,20,23-May-2016,Sub5_Trial460_0,0,2,2,37.805665,False,0.681
5,460,5,m,20,23-May-2016,Sub5_Trial460_0,0,3,3,-11.852582,False,0.681
5,460,5,m,20,23-May-2016,Sub5_Trial460_0,0,4,4,-93.841656,False,0.681
5,460,5,m,20,23-May-2016,Sub5_Trial460_0,0,5,5,-83.485404,False,0.681
5,460,5,m,20,23-May-2016,Sub5_Trial460_0,0,6,6,130.44291,False,0.681
5,460,5,m,20,23-May-2016,Sub5_Trial460_1,1,0,0,77.648146,True,0.681
5,460,5,m,20,23-May-2016,Sub5_Trial460_1,1,1,1,-69.79697,True,0.681
5,460,5,m,20,23-May-2016,Sub5_Trial460_1,1,2,2,-22.409637000000004,True,0.681
5,460,5,m,20,23-May-2016,Sub5_Trial460_1,1,3,3,93.747583,True,0.681
5,460,5,m,20,23-May-2016,Sub5_Trial460_1,1,4,4,-27.381687,True,0.681
5,460,5,m,20,23-May-2016,Sub5_Trial460_1,1,5,5,68.736428,True,0.681
5,460,5,m,20,23-May-2016,Sub5_Trial460_1,1,6,6,71.915819,True,0.681
5,461,5,m,20,23-May-2016,Sub5_Trial461_0,0,0,0,24.127998,False,1.922
5,461,5,m,20,23-May-2016,Sub5_Trial461_0,0,1,1,104.974162,False,1.922
5,461,5,m,20,23-May-2016,Sub5_Trial461_0,0,2,2,-24.263976,False,1.922
5,461,5,m,20,23-May-2016,Sub5_Trial461_0,0,3,3,53.19319,False,1.922
5,461,5,m,20,23-May-2016,Sub5_Trial461_0,0,4,4,-85.080632,False,1.922
5,461,5,m,20,23-May-2016,Sub5_Trial461_0,0,5,5,82.684864,False,1.922
5,461,5,m,20,23-May-2016,Sub5_Trial461_0,0,6,6,131.700304,False,1.922
5,461,5,m,20,23-May-2016,Sub5_Trial461_1,1,0,0,-83.178506,True,1.922
5,461,5,m,20,23-May-2016,Sub5_Trial461_1,1,1,1,-9.6941,True,1.922
5,461,5,m,20,23-May-2016,Sub5_Trial461_1,1,2,2,13.684314,True,1.922
5,461,5,m,20,23-May-2016,Sub5_Trial461_1,1,3,3,-19.792727,True,1.922
5,461,5,m,20,23-May-2016,Sub5_Trial461_1,1,4,4,-60.508652,True,1.922
5,461,5,m,20,23-May-2016,Sub5_Trial461_1,1,5,5,29.387707,True,1.922
5,461,5,m,20,23-May-2016,Sub5_Trial461_1,1,6,6,-4.712092,True,1.922
5,462,5,m,20,23-May-2016,Sub5_Trial462_0,0,0,0,29.652196000000004,False,0.771
5,462,5,m,20,23-May-2016,Sub5_Trial462_0,0,1,1,-25.883906,False,0.771
5,462,5,m,20,23-May-2016,Sub5_Trial462_0,0,2,2,53.806866,False,0.771
5,462,5,m,20,23-May-2016,Sub5_Trial462_0,0,3,3,15.545760000000001,False,0.771
5,462,5,m,20,23-May-2016,Sub5_Trial462_0,0,4,4,-149.883139,False,0.771
5,462,5,m,20,23-May-2016,Sub5_Trial462_0,0,5,5,-19.181,False,0.771
5,462,5,m,20,23-May-2016,Sub5_Trial462_0,0,6,6,52.656538,False,0.771
5,462,5,m,20,23-May-2016,Sub5_Trial462_1,1,0,0,52.174669,True,0.771
5,462,5,m,20,23-May-2016,Sub5_Trial462_1,1,1,1,-5.4362059999999985,True,0.771
5,462,5,m,20,23-May-2016,Sub5_Trial462_1,1,2,2,-62.719492,True,0.771
5,462,5,m,20,23-May-2016,Sub5_Trial462_1,1,3,3,61.602431,True,0.771
5,462,5,m,20,23-May-2016,Sub5_Trial462_1,1,4,4,46.236471,True,0.771
5,462,5,m,20,23-May-2016,Sub5_Trial462_1,1,5,5,58.747723,True,0.771
5,462,5,m,20,23-May-2016,Sub5_Trial462_1,1,6,6,90.329664,True,0.771
5,463,5,m,20,23-May-2016,Sub5_Trial463_0,0,0,0,16.027498,False,2.044
5,463,5,m,20,23-May-2016,Sub5_Trial463_0,0,1,1,-39.450126,False,2.044
5,463,5,m,20,23-May-2016,Sub5_Trial463_0,0,2,2,24.545245,False,2.044
5,463,5,m,20,23-May-2016,Sub5_Trial463_0,0,3,3,-22.940748999999997,False,2.044
5,463,5,m,20,23-May-2016,Sub5_Trial463_0,0,4,4,61.771233,False,2.044
5,463,5,m,20,23-May-2016,Sub5_Trial463_0,0,5,5,-89.562558,False,2.044
5,463,5,m,20,23-May-2016,Sub5_Trial463_0,0,6,6,23.211454,False,2.044
5,463,5,m,20,23-May-2016,Sub5_Trial463_1,1,0,0,101.123992,True,2.044
5,463,5,m,20,23-May-2016,Sub5_Trial463_1,1,1,1,-21.37027,True,2.044
5,463,5,m,20,23-May-2016,Sub5_Trial463_1,1,2,2,66.856252,True,2.044
5,463,5,m,20,23-May-2016,Sub5_Trial463_1,1,3,3,7.729247000000001,True,2.044
5,463,5,m,20,23-May-2016,Sub5_Trial463_1,1,4,4,70.965193,True,2.044
5,463,5,m,20,23-May-2016,Sub5_Trial463_1,1,5,5,95.598138,True,2.044
5,463,5,m,20,23-May-2016,Sub5_Trial463_1,1,6,6,37.297425,True,2.044
5,464,5,m,20,23-May-2016,Sub5_Trial464_0,0,0,0,-92.446052,True,0.733
5,464,5,m,20,23-May-2016,Sub5_Trial464_0,0,1,1,13.345143,True,0.733
5,464,5,m,20,23-May-2016,Sub5_Trial464_0,0,2,2,0.92774,True,0.733
5,464,5,m,20,23-May-2016,Sub5_Trial464_0,0,3,3,-121.658904,True,0.733
5,464,5,m,20,23-May-2016,Sub5_Trial464_0,0,4,4,-60.673566,True,0.733
5,464,5,m,20,23-May-2016,Sub5_Trial464_0,0,5,5,52.18169499999999,True,0.733
5,464,5,m,20,23-May-2016,Sub5_Trial464_0,0,6,6,103.531538,True,0.733
5,464,5,m,20,23-May-2016,Sub5_Trial464_1,1,0,0,-64.50111,False,0.733
5,464,5,m,20,23-May-2016,Sub5_Trial464_1,1,1,1,75.094116,False,0.733
5,464,5,m,20,23-May-2016,Sub5_Trial464_1,1,2,2,-72.907363,False,0.733
5,464,5,m,20,23-May-2016,Sub5_Trial464_1,1,3,3,65.631014,False,0.733
5,464,5,m,20,23-May-2016,Sub5_Trial464_1,1,4,4,-92.535455,False,0.733
5,464,5,m,20,23-May-2016,Sub5_Trial464_1,1,5,5,-92.244827,False,0.733
5,464,5,m,20,23-May-2016,Sub5_Trial464_1,1,6,6,26.342274,False,0.733
5,465,5,m,20,23-May-2016,Sub5_Trial465_0,0,0,0,97.311119,True,0.645
5,465,5,m,20,23-May-2016,Sub5_Trial465_0,0,1,1,-41.117349,True,0.645
5,465,5,m,20,23-May-2016,Sub5_Trial465_0,0,2,2,-86.177229,True,0.645
5,465,5,m,20,23-May-2016,Sub5_Trial465_0,0,3,3,113.08474000000001,True,0.645
5,465,5,m,20,23-May-2016,Sub5_Trial465_0,0,4,4,-1.7447289999999995,True,0.645
5,465,5,m,20,23-May-2016,Sub5_Trial465_0,0,5,5,30.674264,True,0.645
5,465,5,m,20,23-May-2016,Sub5_Trial465_0,0,6,6,-7.516380999999999,True,0.645
5,465,5,m,20,23-May-2016,Sub5_Trial465_1,1,0,0,-152.618241,False,0.645
5,465,5,m,20,23-May-2016,Sub5_Trial465_1,1,1,1,7.455605,False,0.645
5,465,5,m,20,23-May-2016,Sub5_Trial465_1,1,2,2,-147.492254,False,0.645
5,465,5,m,20,23-May-2016,Sub5_Trial465_1,1,3,3,-33.431556,False,0.645
5,465,5,m,20,23-May-2016,Sub5_Trial465_1,1,4,4,-29.568706,False,0.645
5,465,5,m,20,23-May-2016,Sub5_Trial465_1,1,5,5,-45.964107,False,0.645
5,465,5,m,20,23-May-2016,Sub5_Trial465_1,1,6,6,-5.736999000000001,False,0.645
5,466,5,m,20,23-May-2016,Sub5_Trial466_0,0,0,0,-33.957169,True,3.224
5,466,5,m,20,23-May-2016,Sub5_Trial466_0,0,1,1,33.150217,True,3.224
5,466,5,m,20,23-May-2016,Sub5_Trial466_0,0,2,2,16.641264,True,3.224
5,466,5,m,20,23-May-2016,Sub5_Trial466_0,0,3,3,74.802984,True,3.224
5,466,5,m,20,23-May-2016,Sub5_Trial466_0,0,4,4,-10.791036,True,3.224
5,466,5,m,20,23-May-2016,Sub5_Trial466_0,0,5,5,-101.793067,True,3.224
5,466,5,m,20,23-May-2016,Sub5_Trial466_0,0,6,6,-44.704168,True,3.224
5,466,5,m,20,23-May-2016,Sub5_Trial466_1,1,0,0,-75.696013,False,3.224
5,466,5,m,20,23-May-2016,Sub5_Trial466_1,1,1,1,35.792776,False,3.224
5,466,5,m,20,23-May-2016,Sub5_Trial466_1,1,2,2,27.13837,False,3.224
5,466,5,m,20,23-May-2016,Sub5_Trial466_1,1,3,3,-1.8434099999999987,False,3.224
5,466,5,m,20,23-May-2016,Sub5_Trial466_1,1,4,4,-42.222838,False,3.224
5,466,5,m,20,23-May-2016,Sub5_Trial466_1,1,5,5,31.917035,False,3.224
5,466,5,m,20,23-May-2016,Sub5_Trial466_1,1,6,6,-77.037651,False,3.224
5,467,5,m,20,23-May-2016,Sub5_Trial467_0,0,0,0,124.020801,True,0.67
5,467,5,m,20,23-May-2016,Sub5_Trial467_0,0,1,1,-23.540954,True,0.67
5,467,5,m,20,23-May-2016,Sub5_Trial467_0,0,2,2,5.130762000000001,True,0.67
5,467,5,m,20,23-May-2016,Sub5_Trial467_0,0,3,3,-79.381185,True,0.67
5,467,5,m,20,23-May-2016,Sub5_Trial467_0,0,4,4,33.49902,True,0.67
5,467,5,m,20,23-May-2016,Sub5_Trial467_0,0,5,5,24.62076,True,0.67
5,467,5,m,20,23-May-2016,Sub5_Trial467_0,0,6,6,-62.831661,True,0.67
5,467,5,m,20,23-May-2016,Sub5_Trial467_1,1,0,0,49.319287,False,0.67
5,467,5,m,20,23-May-2016,Sub5_Trial467_1,1,1,1,-81.205936,False,0.67
5,467,5,m,20,23-May-2016,Sub5_Trial467_1,1,2,2,-26.457975,False,0.67
5,467,5,m,20,23-May-2016,Sub5_Trial467_1,1,3,3,-15.08701,False,0.67
5,467,5,m,20,23-May-2016,Sub5_Trial467_1,1,4,4,-22.898753,False,0.67
5,467,5,m,20,23-May-2016,Sub5_Trial467_1,1,5,5,-63.04159,False,0.67
5,467,5,m,20,23-May-2016,Sub5_Trial467_1,1,6,6,-23.137472,False,0.67
5,468,5,m,20,23-May-2016,Sub5_Trial468_0,0,0,0,-118.888987,True,1.663
5,468,5,m,20,23-May-2016,Sub5_Trial468_0,0,1,1,30.206843,True,1.663
5,468,5,m,20,23-May-2016,Sub5_Trial468_0,0,2,2,38.891461,True,1.663
5,468,5,m,20,23-May-2016,Sub5_Trial468_0,0,3,3,56.589405,True,1.663
5,468,5,m,20,23-May-2016,Sub5_Trial468_0,0,4,4,61.569463,True,1.663
5,468,5,m,20,23-May-2016,Sub5_Trial468_0,0,5,5,78.731528,True,1.663
5,468,5,m,20,23-May-2016,Sub5_Trial468_0,0,6,6,73.05709,True,1.663
5,468,5,m,20,23-May-2016,Sub5_Trial468_1,1,0,0,-87.140348,False,1.663
5,468,5,m,20,23-May-2016,Sub5_Trial468_1,1,1,1,-4.868126,False,1.663
5,468,5,m,20,23-May-2016,Sub5_Trial468_1,1,2,2,5.391722999999999,False,1.663
5,468,5,m,20,23-May-2016,Sub5_Trial468_1,1,3,3,-29.0017,False,1.663
5,468,5,m,20,23-May-2016,Sub5_Trial468_1,1,4,4,-28.855253000000005,False,1.663
5,468,5,m,20,23-May-2016,Sub5_Trial468_1,1,5,5,18.266957,False,1.663
5,468,5,m,20,23-May-2016,Sub5_Trial468_1,1,6,6,67.556701,False,1.663
5,469,5,m,20,23-May-2016,Sub5_Trial469_0,0,0,0,54.922643,False,0.627
5,469,5,m,20,23-May-2016,Sub5_Trial469_0,0,1,1,4.0514030000000005,False,0.627
5,469,5,m,20,23-May-2016,Sub5_Trial469_0,0,2,2,79.428986,False,0.627
5,469,5,m,20,23-May-2016,Sub5_Trial469_0,0,3,3,-1.2050100000000015,False,0.627
5,469,5,m,20,23-May-2016,Sub5_Trial469_0,0,4,4,19.290902,False,0.627
5,469,5,m,20,23-May-2016,Sub5_Trial469_0,0,5,5,-62.761055999999996,False,0.627
5,469,5,m,20,23-May-2016,Sub5_Trial469_0,0,6,6,-75.582258,False,0.627
5,469,5,m,20,23-May-2016,Sub5_Trial469_1,1,0,0,75.333139,True,0.627
5,469,5,m,20,23-May-2016,Sub5_Trial469_1,1,1,1,48.146822,True,0.627
5,469,5,m,20,23-May-2016,Sub5_Trial469_1,1,2,2,47.981837,True,0.627
5,469,5,m,20,23-May-2016,Sub5_Trial469_1,1,3,3,130.026824,True,0.627
5,469,5,m,20,23-May-2016,Sub5_Trial469_1,1,4,4,43.627936,True,0.627
5,469,5,m,20,23-May-2016,Sub5_Trial469_1,1,5,5,-44.167319,True,0.627
5,469,5,m,20,23-May-2016,Sub5_Trial469_1,1,6,6,-75.479233,True,0.627
5,470,5,m,20,23-May-2016,Sub5_Trial470_0,0,0,0,-127.603985,True,1.791
5,470,5,m,20,23-May-2016,Sub5_Trial470_0,0,1,1,35.080459,True,1.791
5,470,5,m,20,23-May-2016,Sub5_Trial470_0,0,2,2,-18.957228,True,1.791
5,470,5,m,20,23-May-2016,Sub5_Trial470_0,0,3,3,0.10112300000000118,True,1.791
5,470,5,m,20,23-May-2016,Sub5_Trial470_0,0,4,4,140.085224,True,1.791
5,470,5,m,20,23-May-2016,Sub5_Trial470_0,0,5,5,-15.483080999999999,True,1.791
5,470,5,m,20,23-May-2016,Sub5_Trial470_0,0,6,6,-55.004977,True,1.791
5,470,5,m,20,23-May-2016,Sub5_Trial470_1,1,0,0,-57.274974,False,1.791
5,470,5,m,20,23-May-2016,Sub5_Trial470_1,1,1,1,57.37147300000001,False,1.791
5,470,5,m,20,23-May-2016,Sub5_Trial470_1,1,2,2,112.363879,False,1.791
5,470,5,m,20,23-May-2016,Sub5_Trial470_1,1,3,3,-96.626197,False,1.791
5,470,5,m,20,23-May-2016,Sub5_Trial470_1,1,4,4,47.03037499999999,False,1.791
5,470,5,m,20,23-May-2016,Sub5_Trial470_1,1,5,5,-36.82251,False,1.791
5,470,5,m,20,23-May-2016,Sub5_Trial470_1,1,6,6,42.039884,False,1.791
5,471,5,m,20,23-May-2016,Sub5_Trial471_0,0,0,0,76.909775,True,1.242
5,471,5,m,20,23-May-2016,Sub5_Trial471_0,0,1,1,54.14772,True,1.242
5,471,5,m,20,23-May-2016,Sub5_Trial471_0,0,2,2,11.950292,True,1.242
5,471,5,m,20,23-May-2016,Sub5_Trial471_0,0,3,3,14.051154,True,1.242
5,471,5,m,20,23-May-2016,Sub5_Trial471_0,0,4,4,-17.639347,True,1.242
5,471,5,m,20,23-May-2016,Sub5_Trial471_0,0,5,5,67.757762,True,1.242
5,471,5,m,20,23-May-2016,Sub5_Trial471_0,0,6,6,92.189439,True,1.242
5,471,5,m,20,23-May-2016,Sub5_Trial471_1,1,0,0,17.404522999999998,False,1.242
5,471,5,m,20,23-May-2016,Sub5_Trial471_1,1,1,1,-35.423349,False,1.242
5,471,5,m,20,23-May-2016,Sub5_Trial471_1,1,2,2,17.219678000000002,False,1.242
5,471,5,m,20,23-May-2016,Sub5_Trial471_1,1,3,3,88.082815,False,1.242
5,471,5,m,20,23-May-2016,Sub5_Trial471_1,1,4,4,-14.00902,False,1.242
5,471,5,m,20,23-May-2016,Sub5_Trial471_1,1,5,5,-74.833914,False,1.242
5,471,5,m,20,23-May-2016,Sub5_Trial471_1,1,6,6,13.883085999999999,False,1.242
5,472,5,m,20,23-May-2016,Sub5_Trial472_0,0,0,0,38.1182,False,1.153
5,472,5,m,20,23-May-2016,Sub5_Trial472_0,0,1,1,-33.381421,False,1.153
5,472,5,m,20,23-May-2016,Sub5_Trial472_0,0,2,2,-38.215359,False,1.153
5,472,5,m,20,23-May-2016,Sub5_Trial472_0,0,3,3,-102.979765,False,1.153
5,472,5,m,20,23-May-2016,Sub5_Trial472_0,0,4,4,-58.904645,False,1.153
5,472,5,m,20,23-May-2016,Sub5_Trial472_0,0,5,5,-107.384167,False,1.153
5,472,5,m,20,23-May-2016,Sub5_Trial472_0,0,6,6,16.474232,False,1.153
5,472,5,m,20,23-May-2016,Sub5_Trial472_1,1,0,0,-58.89867000000001,True,1.153
5,472,5,m,20,23-May-2016,Sub5_Trial472_1,1,1,1,-98.706687,True,1.153
5,472,5,m,20,23-May-2016,Sub5_Trial472_1,1,2,2,-116.466015,True,1.153
5,472,5,m,20,23-May-2016,Sub5_Trial472_1,1,3,3,-49.762969999999996,True,1.153
5,472,5,m,20,23-May-2016,Sub5_Trial472_1,1,4,4,66.892428,True,1.153
5,472,5,m,20,23-May-2016,Sub5_Trial472_1,1,5,5,-25.648719,True,1.153
5,472,5,m,20,23-May-2016,Sub5_Trial472_1,1,6,6,47.143773,True,1.153
5,473,5,m,20,23-May-2016,Sub5_Trial473_0,0,0,0,-17.996989999999997,False,1.162
5,473,5,m,20,23-May-2016,Sub5_Trial473_0,0,1,1,-9.245347000000002,False,1.162
5,473,5,m,20,23-May-2016,Sub5_Trial473_0,0,2,2,-88.613232,False,1.162
5,473,5,m,20,23-May-2016,Sub5_Trial473_0,0,3,3,82.704469,False,1.162
5,473,5,m,20,23-May-2016,Sub5_Trial473_0,0,4,4,-46.042693,False,1.162
5,473,5,m,20,23-May-2016,Sub5_Trial473_0,0,5,5,-42.689146,False,1.162
5,473,5,m,20,23-May-2016,Sub5_Trial473_0,0,6,6,119.992058,False,1.162
5,473,5,m,20,23-May-2016,Sub5_Trial473_1,1,0,0,-14.386667,True,1.162
5,473,5,m,20,23-May-2016,Sub5_Trial473_1,1,1,1,-3.3740309999999987,True,1.162
5,473,5,m,20,23-May-2016,Sub5_Trial473_1,1,2,2,53.06650400000001,True,1.162
5,473,5,m,20,23-May-2016,Sub5_Trial473_1,1,3,3,95.494204,True,1.162
5,473,5,m,20,23-May-2016,Sub5_Trial473_1,1,4,4,16.368643,True,1.162
5,473,5,m,20,23-May-2016,Sub5_Trial473_1,1,5,5,43.390214,True,1.162
5,473,5,m,20,23-May-2016,Sub5_Trial473_1,1,6,6,74.682764,True,1.162
5,474,5,m,20,23-May-2016,Sub5_Trial474_0,0,0,0,101.234584,False,1.14
5,474,5,m,20,23-May-2016,Sub5_Trial474_0,0,1,1,0.44388800000000117,False,1.14
5,474,5,m,20,23-May-2016,Sub5_Trial474_0,0,2,2,-95.817571,False,1.14
5,474,5,m,20,23-May-2016,Sub5_Trial474_0,0,3,3,26.447541,False,1.14
5,474,5,m,20,23-May-2016,Sub5_Trial474_0,0,4,4,-25.917103999999995,False,1.14
5,474,5,m,20,23-May-2016,Sub5_Trial474_0,0,5,5,52.594701,False,1.14
5,474,5,m,20,23-May-2016,Sub5_Trial474_0,0,6,6,-5.560798999999999,False,1.14
5,474,5,m,20,23-May-2016,Sub5_Trial474_1,1,0,0,-6.499680999999999,True,1.14
5,474,5,m,20,23-May-2016,Sub5_Trial474_1,1,1,1,-129.894473,True,1.14
5,474,5,m,20,23-May-2016,Sub5_Trial474_1,1,2,2,-78.315644,True,1.14
5,474,5,m,20,23-May-2016,Sub5_Trial474_1,1,3,3,-130.474082,True,1.14
5,474,5,m,20,23-May-2016,Sub5_Trial474_1,1,4,4,-25.108214,True,1.14
5,474,5,m,20,23-May-2016,Sub5_Trial474_1,1,5,5,39.239839,True,1.14
5,474,5,m,20,23-May-2016,Sub5_Trial474_1,1,6,6,-107.5753,True,1.14
5,475,5,m,20,23-May-2016,Sub5_Trial475_0,0,0,0,103.104643,True,1.031
5,475,5,m,20,23-May-2016,Sub5_Trial475_0,0,1,1,38.075097,True,1.031
5,475,5,m,20,23-May-2016,Sub5_Trial475_0,0,2,2,33.701378,True,1.031
5,475,5,m,20,23-May-2016,Sub5_Trial475_0,0,3,3,139.543147,True,1.031
5,475,5,m,20,23-May-2016,Sub5_Trial475_0,0,4,4,64.184723,True,1.031
5,475,5,m,20,23-May-2016,Sub5_Trial475_0,0,5,5,-61.26708500000001,True,1.031
5,475,5,m,20,23-May-2016,Sub5_Trial475_0,0,6,6,80.974869,True,1.031
5,475,5,m,20,23-May-2016,Sub5_Trial475_1,1,0,0,-13.336788,False,1.031
5,475,5,m,20,23-May-2016,Sub5_Trial475_1,1,1,1,83.156645,False,1.031
5,475,5,m,20,23-May-2016,Sub5_Trial475_1,1,2,2,109.08870300000001,False,1.031
5,475,5,m,20,23-May-2016,Sub5_Trial475_1,1,3,3,-12.971205,False,1.031
5,475,5,m,20,23-May-2016,Sub5_Trial475_1,1,4,4,-33.411868,False,1.031
5,475,5,m,20,23-May-2016,Sub5_Trial475_1,1,5,5,-97.343164,False,1.031
5,475,5,m,20,23-May-2016,Sub5_Trial475_1,1,6,6,-38.574382,False,1.031
5,476,5,m,20,23-May-2016,Sub5_Trial476_0,0,0,0,75.09166,False,0.729
5,476,5,m,20,23-May-2016,Sub5_Trial476_0,0,1,1,-44.754472,False,0.729
5,476,5,m,20,23-May-2016,Sub5_Trial476_0,0,2,2,-21.621426,False,0.729
5,476,5,m,20,23-May-2016,Sub5_Trial476_0,0,3,3,-35.225307,False,0.729
5,476,5,m,20,23-May-2016,Sub5_Trial476_0,0,4,4,-25.351389,False,0.729
5,476,5,m,20,23-May-2016,Sub5_Trial476_0,0,5,5,35.61591,False,0.729
5,476,5,m,20,23-May-2016,Sub5_Trial476_0,0,6,6,-38.28267,False,0.729
5,476,5,m,20,23-May-2016,Sub5_Trial476_1,1,0,0,-25.228867,True,0.729
5,476,5,m,20,23-May-2016,Sub5_Trial476_1,1,1,1,-0.38241700000000023,True,0.729
5,476,5,m,20,23-May-2016,Sub5_Trial476_1,1,2,2,-15.640718,True,0.729
5,476,5,m,20,23-May-2016,Sub5_Trial476_1,1,3,3,110.272647,True,0.729
5,476,5,m,20,23-May-2016,Sub5_Trial476_1,1,4,4,24.122378,True,0.729
5,476,5,m,20,23-May-2016,Sub5_Trial476_1,1,5,5,62.591734,True,0.729
5,476,5,m,20,23-May-2016,Sub5_Trial476_1,1,6,6,-31.763492999999997,True,0.729
5,477,5,m,20,23-May-2016,Sub5_Trial477_0,0,0,0,-114.345133,True,1.955
5,477,5,m,20,23-May-2016,Sub5_Trial477_0,0,1,1,12.111091000000002,True,1.955
5,477,5,m,20,23-May-2016,Sub5_Trial477_0,0,2,2,19.89615,True,1.955
5,477,5,m,20,23-May-2016,Sub5_Trial477_0,0,3,3,19.644008,True,1.955
5,477,5,m,20,23-May-2016,Sub5_Trial477_0,0,4,4,37.240382,True,1.955
5,477,5,m,20,23-May-2016,Sub5_Trial477_0,0,5,5,-51.571242,True,1.955
5,477,5,m,20,23-May-2016,Sub5_Trial477_0,0,6,6,-60.081041,True,1.955
5,477,5,m,20,23-May-2016,Sub5_Trial477_1,1,0,0,-57.051214,False,1.955
5,477,5,m,20,23-May-2016,Sub5_Trial477_1,1,1,1,-12.382999999999996,False,1.955
5,477,5,m,20,23-May-2016,Sub5_Trial477_1,1,2,2,90.955594,False,1.955
5,477,5,m,20,23-May-2016,Sub5_Trial477_1,1,3,3,40.636243,False,1.955
5,477,5,m,20,23-May-2016,Sub5_Trial477_1,1,4,4,-41.162422,False,1.955
5,477,5,m,20,23-May-2016,Sub5_Trial477_1,1,5,5,20.031456,False,1.955
5,477,5,m,20,23-May-2016,Sub5_Trial477_1,1,6,6,-50.27499399999999,False,1.955
5,478,5,m,20,23-May-2016,Sub5_Trial478_0,0,0,0,-14.722802999999999,False,3.196
5,478,5,m,20,23-May-2016,Sub5_Trial478_0,0,1,1,44.588456,False,3.196
5,478,5,m,20,23-May-2016,Sub5_Trial478_0,0,2,2,-0.26913300000000007,False,3.196
5,478,5,m,20,23-May-2016,Sub5_Trial478_0,0,3,3,5.147325,False,3.196
5,478,5,m,20,23-May-2016,Sub5_Trial478_0,0,4,4,4.972766,False,3.196
5,478,5,m,20,23-May-2016,Sub5_Trial478_0,0,5,5,-67.611419,False,3.196
5,478,5,m,20,23-May-2016,Sub5_Trial478_0,0,6,6,32.305807,False,3.196
5,478,5,m,20,23-May-2016,Sub5_Trial478_1,1,0,0,11.762154000000002,True,3.196
5,478,5,m,20,23-May-2016,Sub5_Trial478_1,1,1,1,-65.60648,True,3.196
5,478,5,m,20,23-May-2016,Sub5_Trial478_1,1,2,2,-77.894743,True,3.196
5,478,5,m,20,23-May-2016,Sub5_Trial478_1,1,3,3,-89.758517,True,3.196
5,478,5,m,20,23-May-2016,Sub5_Trial478_1,1,4,4,0.05088399999999993,True,3.196
5,478,5,m,20,23-May-2016,Sub5_Trial478_1,1,5,5,6.447123999999999,True,3.196
5,478,5,m,20,23-May-2016,Sub5_Trial478_1,1,6,6,47.925956,True,3.196
5,479,5,m,20,23-May-2016,Sub5_Trial479_0,0,0,0,20.989781,False,1.415
5,479,5,m,20,23-May-2016,Sub5_Trial479_0,0,1,1,-64.513646,False,1.415
5,479,5,m,20,23-May-2016,Sub5_Trial479_0,0,2,2,27.732731,False,1.415
5,479,5,m,20,23-May-2016,Sub5_Trial479_0,0,3,3,117.73396,False,1.415
5,479,5,m,20,23-May-2016,Sub5_Trial479_0,0,4,4,-19.987803999999997,False,1.415
5,479,5,m,20,23-May-2016,Sub5_Trial479_0,0,5,5,108.969981,False,1.415
5,479,5,m,20,23-May-2016,Sub5_Trial479_0,0,6,6,44.874819,False,1.415
5,479,5,m,20,23-May-2016,Sub5_Trial479_1,1,0,0,-94.26941,True,1.415
5,479,5,m,20,23-May-2016,Sub5_Trial479_1,1,1,1,2.710961000000001,True,1.415
5,479,5,m,20,23-May-2016,Sub5_Trial479_1,1,2,2,81.818873,True,1.415
5,479,5,m,20,23-May-2016,Sub5_Trial479_1,1,3,3,-127.703716,True,1.415
5,479,5,m,20,23-May-2016,Sub5_Trial479_1,1,4,4,-63.031212,True,1.415
5,479,5,m,20,23-May-2016,Sub5_Trial479_1,1,5,5,50.466532,True,1.415
5,479,5,m,20,23-May-2016,Sub5_Trial479_1,1,6,6,22.90083,True,1.415
5,480,5,m,20,23-May-2016,Sub5_Trial480_0,0,0,0,-19.392679,True,1.056
5,480,5,m,20,23-May-2016,Sub5_Trial480_0,0,1,1,139.184333,True,1.056
5,480,5,m,20,23-May-2016,Sub5_Trial480_0,0,2,2,-109.55442299999999,True,1.056
5,480,5,m,20,23-May-2016,Sub5_Trial480_0,0,3,3,-126.900011,True,1.056
5,480,5,m,20,23-May-2016,Sub5_Trial480_0,0,4,4,27.559636,True,1.056
5,480,5,m,20,23-May-2016,Sub5_Trial480_0,0,5,5,23.482871,True,1.056
5,480,5,m,20,23-May-2016,Sub5_Trial480_0,0,6,6,-21.768878,True,1.056
5,480,5,m,20,23-May-2016,Sub5_Trial480_1,1,0,0,-21.492339,False,1.056
5,480,5,m,20,23-May-2016,Sub5_Trial480_1,1,1,1,113.53960799999999,False,1.056
5,480,5,m,20,23-May-2016,Sub5_Trial480_1,1,2,2,47.67530099999999,False,1.056
5,480,5,m,20,23-May-2016,Sub5_Trial480_1,1,3,3,95.591497,False,1.056
5,480,5,m,20,23-May-2016,Sub5_Trial480_1,1,4,4,-55.636772,False,1.056
5,480,5,m,20,23-May-2016,Sub5_Trial480_1,1,5,5,-115.233663,False,1.056
5,480,5,m,20,23-May-2016,Sub5_Trial480_1,1,6,6,-26.712427,False,1.056
5,481,5,m,20,23-May-2016,Sub5_Trial481_0,0,0,0,-8.004365,False,1.977
5,481,5,m,20,23-May-2016,Sub5_Trial481_0,0,1,1,52.277619,False,1.977
5,481,5,m,20,23-May-2016,Sub5_Trial481_0,0,2,2,150.171744,False,1.977
5,481,5,m,20,23-May-2016,Sub5_Trial481_0,0,3,3,94.326422,False,1.977
5,481,5,m,20,23-May-2016,Sub5_Trial481_0,0,4,4,15.821486,False,1.977
5,481,5,m,20,23-May-2016,Sub5_Trial481_0,0,5,5,91.246748,False,1.977
5,481,5,m,20,23-May-2016,Sub5_Trial481_0,0,6,6,56.88928,False,1.977
5,481,5,m,20,23-May-2016,Sub5_Trial481_1,1,0,0,-26.978125,True,1.977
5,481,5,m,20,23-May-2016,Sub5_Trial481_1,1,1,1,-118.913515,True,1.977
5,481,5,m,20,23-May-2016,Sub5_Trial481_1,1,2,2,1.512823000000001,True,1.977
5,481,5,m,20,23-May-2016,Sub5_Trial481_1,1,3,3,-27.055359,True,1.977
5,481,5,m,20,23-May-2016,Sub5_Trial481_1,1,4,4,19.791548,True,1.977
5,481,5,m,20,23-May-2016,Sub5_Trial481_1,1,5,5,40.965863,True,1.977
5,481,5,m,20,23-May-2016,Sub5_Trial481_1,1,6,6,-5.899799,True,1.977
5,482,5,m,20,23-May-2016,Sub5_Trial482_0,0,0,0,-37.958232,False,2.025
5,482,5,m,20,23-May-2016,Sub5_Trial482_0,0,1,1,-48.370671,False,2.025
5,482,5,m,20,23-May-2016,Sub5_Trial482_0,0,2,2,-95.073339,False,2.025
5,482,5,m,20,23-May-2016,Sub5_Trial482_0,0,3,3,145.32945,False,2.025
5,482,5,m,20,23-May-2016,Sub5_Trial482_0,0,4,4,52.77834300000001,False,2.025
5,482,5,m,20,23-May-2016,Sub5_Trial482_0,0,5,5,-127.197764,False,2.025
5,482,5,m,20,23-May-2016,Sub5_Trial482_0,0,6,6,-17.052957,False,2.025
5,482,5,m,20,23-May-2016,Sub5_Trial482_1,1,0,0,84.721478,True,2.025
5,482,5,m,20,23-May-2016,Sub5_Trial482_1,1,1,1,-32.59853,True,2.025
5,482,5,m,20,23-May-2016,Sub5_Trial482_1,1,2,2,58.082912,True,2.025
5,482,5,m,20,23-May-2016,Sub5_Trial482_1,1,3,3,60.836884,True,2.025
5,482,5,m,20,23-May-2016,Sub5_Trial482_1,1,4,4,64.160525,True,2.025
5,482,5,m,20,23-May-2016,Sub5_Trial482_1,1,5,5,4.516581,True,2.025
5,482,5,m,20,23-May-2016,Sub5_Trial482_1,1,6,6,-29.169723000000005,True,2.025
5,483,5,m,20,23-May-2016,Sub5_Trial483_0,0,0,0,50.78725299999999,True,5.625
5,483,5,m,20,23-May-2016,Sub5_Trial483_0,0,1,1,-18.849656,True,5.625
5,483,5,m,20,23-May-2016,Sub5_Trial483_0,0,2,2,33.228408,True,5.625
5,483,5,m,20,23-May-2016,Sub5_Trial483_0,0,3,3,-2.717718999999999,True,5.625
5,483,5,m,20,23-May-2016,Sub5_Trial483_0,0,4,4,109.98223000000002,True,5.625
5,483,5,m,20,23-May-2016,Sub5_Trial483_0,0,5,5,-91.644104,True,5.625
5,483,5,m,20,23-May-2016,Sub5_Trial483_0,0,6,6,-5.926957999999999,True,5.625
5,483,5,m,20,23-May-2016,Sub5_Trial483_1,1,0,0,64.464215,False,5.625
5,483,5,m,20,23-May-2016,Sub5_Trial483_1,1,1,1,36.161195,False,5.625
5,483,5,m,20,23-May-2016,Sub5_Trial483_1,1,2,2,25.921516,False,5.625
5,483,5,m,20,23-May-2016,Sub5_Trial483_1,1,3,3,131.046407,False,5.625
5,483,5,m,20,23-May-2016,Sub5_Trial483_1,1,4,4,-132.806685,False,5.625
5,483,5,m,20,23-May-2016,Sub5_Trial483_1,1,5,5,-18.352867000000003,False,5.625
5,483,5,m,20,23-May-2016,Sub5_Trial483_1,1,6,6,91.221305,False,5.625
5,484,5,m,20,23-May-2016,Sub5_Trial484_0,0,0,0,65.453684,False,0.974
5,484,5,m,20,23-May-2016,Sub5_Trial484_0,0,1,1,-61.546135,False,0.974
5,484,5,m,20,23-May-2016,Sub5_Trial484_0,0,2,2,-49.11065,False,0.974
5,484,5,m,20,23-May-2016,Sub5_Trial484_0,0,3,3,40.509686,False,0.974
5,484,5,m,20,23-May-2016,Sub5_Trial484_0,0,4,4,40.634929,False,0.974
5,484,5,m,20,23-May-2016,Sub5_Trial484_0,0,5,5,4.560592,False,0.974
5,484,5,m,20,23-May-2016,Sub5_Trial484_0,0,6,6,-72.238931,False,0.974
5,484,5,m,20,23-May-2016,Sub5_Trial484_1,1,0,0,-100.491158,True,0.974
5,484,5,m,20,23-May-2016,Sub5_Trial484_1,1,1,1,-119.397358,True,0.974
5,484,5,m,20,23-May-2016,Sub5_Trial484_1,1,2,2,-40.932953,True,0.974
5,484,5,m,20,23-May-2016,Sub5_Trial484_1,1,3,3,-103.13898,True,0.974
5,484,5,m,20,23-May-2016,Sub5_Trial484_1,1,4,4,99.112518,True,0.974
5,484,5,m,20,23-May-2016,Sub5_Trial484_1,1,5,5,92.079946,True,0.974
5,484,5,m,20,23-May-2016,Sub5_Trial484_1,1,6,6,-17.98997,True,0.974
5,485,5,m,20,23-May-2016,Sub5_Trial485_0,0,0,0,-20.983792,False,0.693
5,485,5,m,20,23-May-2016,Sub5_Trial485_0,0,1,1,12.953879,False,0.693
5,485,5,m,20,23-May-2016,Sub5_Trial485_0,0,2,2,14.292624000000004,False,0.693
5,485,5,m,20,23-May-2016,Sub5_Trial485_0,0,3,3,-48.436999,False,0.693
5,485,5,m,20,23-May-2016,Sub5_Trial485_0,0,4,4,27.434919,False,0.693
5,485,5,m,20,23-May-2016,Sub5_Trial485_0,0,5,5,-70.081265,False,0.693
5,485,5,m,20,23-May-2016,Sub5_Trial485_0,0,6,6,39.538462,False,0.693
5,485,5,m,20,23-May-2016,Sub5_Trial485_1,1,0,0,-0.29459500000000105,True,0.693
5,485,5,m,20,23-May-2016,Sub5_Trial485_1,1,1,1,-39.551453,True,0.693
5,485,5,m,20,23-May-2016,Sub5_Trial485_1,1,2,2,6.343026,True,0.693
5,485,5,m,20,23-May-2016,Sub5_Trial485_1,1,3,3,-45.940749,True,0.693
5,485,5,m,20,23-May-2016,Sub5_Trial485_1,1,4,4,-56.939047,True,0.693
5,485,5,m,20,23-May-2016,Sub5_Trial485_1,1,5,5,60.557834,True,0.693
5,485,5,m,20,23-May-2016,Sub5_Trial485_1,1,6,6,-117.25690800000001,True,0.693
5,486,5,m,20,23-May-2016,Sub5_Trial486_0,0,0,0,139.167587,True,0.574
5,486,5,m,20,23-May-2016,Sub5_Trial486_0,0,1,1,-74.315098,True,0.574
5,486,5,m,20,23-May-2016,Sub5_Trial486_0,0,2,2,66.389319,True,0.574
5,486,5,m,20,23-May-2016,Sub5_Trial486_0,0,3,3,28.945468000000005,True,0.574
5,486,5,m,20,23-May-2016,Sub5_Trial486_0,0,4,4,-43.827145,True,0.574
5,486,5,m,20,23-May-2016,Sub5_Trial486_0,0,5,5,74.613987,True,0.574
5,486,5,m,20,23-May-2016,Sub5_Trial486_0,0,6,6,11.586261999999998,True,0.574
5,486,5,m,20,23-May-2016,Sub5_Trial486_1,1,0,0,-106.010249,False,0.574
5,486,5,m,20,23-May-2016,Sub5_Trial486_1,1,1,1,-48.654077,False,0.574
5,486,5,m,20,23-May-2016,Sub5_Trial486_1,1,2,2,-27.97361,False,0.574
5,486,5,m,20,23-May-2016,Sub5_Trial486_1,1,3,3,-51.255093,False,0.574
5,486,5,m,20,23-May-2016,Sub5_Trial486_1,1,4,4,70.539103,False,0.574
5,486,5,m,20,23-May-2016,Sub5_Trial486_1,1,5,5,-131.069486,False,0.574
5,486,5,m,20,23-May-2016,Sub5_Trial486_1,1,6,6,107.803568,False,0.574
5,487,5,m,20,23-May-2016,Sub5_Trial487_0,0,0,0,-56.787317,False,0.61
5,487,5,m,20,23-May-2016,Sub5_Trial487_0,0,1,1,-68.975189,False,0.61
5,487,5,m,20,23-May-2016,Sub5_Trial487_0,0,2,2,-29.875704,False,0.61
5,487,5,m,20,23-May-2016,Sub5_Trial487_0,0,3,3,-34.726656,False,0.61
5,487,5,m,20,23-May-2016,Sub5_Trial487_0,0,4,4,32.315125,False,0.61
5,487,5,m,20,23-May-2016,Sub5_Trial487_0,0,5,5,12.306942,False,0.61
5,487,5,m,20,23-May-2016,Sub5_Trial487_0,0,6,6,19.295841,False,0.61
5,487,5,m,20,23-May-2016,Sub5_Trial487_1,1,0,0,-15.373192,True,0.61
5,487,5,m,20,23-May-2016,Sub5_Trial487_1,1,1,1,8.872408999999998,True,0.61
5,487,5,m,20,23-May-2016,Sub5_Trial487_1,1,2,2,-9.238982,True,0.61
5,487,5,m,20,23-May-2016,Sub5_Trial487_1,1,3,3,73.478526,True,0.61
5,487,5,m,20,23-May-2016,Sub5_Trial487_1,1,4,4,-22.73656,True,0.61
5,487,5,m,20,23-May-2016,Sub5_Trial487_1,1,5,5,11.601762,True,0.61
5,487,5,m,20,23-May-2016,Sub5_Trial487_1,1,6,6,86.060113,True,0.61
5,488,5,m,20,23-May-2016,Sub5_Trial488_0,0,0,0,-107.596848,True,0.567
5,488,5,m,20,23-May-2016,Sub5_Trial488_0,0,1,1,-100.307407,True,0.567
5,488,5,m,20,23-May-2016,Sub5_Trial488_0,0,2,2,103.123634,True,0.567
5,488,5,m,20,23-May-2016,Sub5_Trial488_0,0,3,3,-27.29488,True,0.567
5,488,5,m,20,23-May-2016,Sub5_Trial488_0,0,4,4,-10.562564,True,0.567
5,488,5,m,20,23-May-2016,Sub5_Trial488_0,0,5,5,29.157943000000003,True,0.567
5,488,5,m,20,23-May-2016,Sub5_Trial488_0,0,6,6,-8.229377,True,0.567
5,488,5,m,20,23-May-2016,Sub5_Trial488_1,1,0,0,13.135777,False,0.567
5,488,5,m,20,23-May-2016,Sub5_Trial488_1,1,1,1,-133.256416,False,0.567
5,488,5,m,20,23-May-2016,Sub5_Trial488_1,1,2,2,97.730899,False,0.567
5,488,5,m,20,23-May-2016,Sub5_Trial488_1,1,3,3,-43.10419,False,0.567
5,488,5,m,20,23-May-2016,Sub5_Trial488_1,1,4,4,13.722454,False,0.567
5,488,5,m,20,23-May-2016,Sub5_Trial488_1,1,5,5,-41.673069,False,0.567
5,488,5,m,20,23-May-2016,Sub5_Trial488_1,1,6,6,2.697254000000001,False,0.567
5,489,5,m,20,23-May-2016,Sub5_Trial489_0,0,0,0,18.317265,True,2.1
5,489,5,m,20,23-May-2016,Sub5_Trial489_0,0,1,1,39.513603,True,2.1
5,489,5,m,20,23-May-2016,Sub5_Trial489_0,0,2,2,-63.232168,True,2.1
5,489,5,m,20,23-May-2016,Sub5_Trial489_0,0,3,3,-101.624568,True,2.1
5,489,5,m,20,23-May-2016,Sub5_Trial489_0,0,4,4,-16.116166,True,2.1
5,489,5,m,20,23-May-2016,Sub5_Trial489_0,0,5,5,25.755824,True,2.1
5,489,5,m,20,23-May-2016,Sub5_Trial489_0,0,6,6,-3.5381490000000007,True,2.1
5,489,5,m,20,23-May-2016,Sub5_Trial489_1,1,0,0,48.849273,False,2.1
5,489,5,m,20,23-May-2016,Sub5_Trial489_1,1,1,1,-32.12002,False,2.1
5,489,5,m,20,23-May-2016,Sub5_Trial489_1,1,2,2,76.783367,False,2.1
5,489,5,m,20,23-May-2016,Sub5_Trial489_1,1,3,3,-83.008995,False,2.1
5,489,5,m,20,23-May-2016,Sub5_Trial489_1,1,4,4,-50.420756,False,2.1
5,489,5,m,20,23-May-2016,Sub5_Trial489_1,1,5,5,-117.230789,False,2.1
5,489,5,m,20,23-May-2016,Sub5_Trial489_1,1,6,6,65.331021,False,2.1
5,490,5,m,20,23-May-2016,Sub5_Trial490_0,0,0,0,31.069901,True,3.93
5,490,5,m,20,23-May-2016,Sub5_Trial490_0,0,1,1,140.846482,True,3.93
5,490,5,m,20,23-May-2016,Sub5_Trial490_0,0,2,2,65.038714,True,3.93
5,490,5,m,20,23-May-2016,Sub5_Trial490_0,0,3,3,-33.750668,True,3.93
5,490,5,m,20,23-May-2016,Sub5_Trial490_0,0,4,4,-151.209931,True,3.93
5,490,5,m,20,23-May-2016,Sub5_Trial490_0,0,5,5,13.939662999999996,True,3.93
5,490,5,m,20,23-May-2016,Sub5_Trial490_0,0,6,6,12.128062999999997,True,3.93
5,490,5,m,20,23-May-2016,Sub5_Trial490_1,1,0,0,21.768567,False,3.93
5,490,5,m,20,23-May-2016,Sub5_Trial490_1,1,1,1,-80.714751,False,3.93
5,490,5,m,20,23-May-2016,Sub5_Trial490_1,1,2,2,63.046502,False,3.93
5,490,5,m,20,23-May-2016,Sub5_Trial490_1,1,3,3,-10.805025999999998,False,3.93
5,490,5,m,20,23-May-2016,Sub5_Trial490_1,1,4,4,-15.126216999999997,False,3.93
5,490,5,m,20,23-May-2016,Sub5_Trial490_1,1,5,5,25.273943,False,3.93
5,490,5,m,20,23-May-2016,Sub5_Trial490_1,1,6,6,22.90226,False,3.93
5,491,5,m,20,23-May-2016,Sub5_Trial491_0,0,0,0,-84.075741,True,1.252
5,491,5,m,20,23-May-2016,Sub5_Trial491_0,0,1,1,75.061336,True,1.252
5,491,5,m,20,23-May-2016,Sub5_Trial491_0,0,2,2,-7.735617000000001,True,1.252
5,491,5,m,20,23-May-2016,Sub5_Trial491_0,0,3,3,128.101904,True,1.252
5,491,5,m,20,23-May-2016,Sub5_Trial491_0,0,4,4,11.620012,True,1.252
5,491,5,m,20,23-May-2016,Sub5_Trial491_0,0,5,5,32.011663,True,1.252
5,491,5,m,20,23-May-2016,Sub5_Trial491_0,0,6,6,4.9157340000000005,True,1.252
5,491,5,m,20,23-May-2016,Sub5_Trial491_1,1,0,0,-44.26486299999999,False,1.252
5,491,5,m,20,23-May-2016,Sub5_Trial491_1,1,1,1,140.877687,False,1.252
5,491,5,m,20,23-May-2016,Sub5_Trial491_1,1,2,2,40.260872,False,1.252
5,491,5,m,20,23-May-2016,Sub5_Trial491_1,1,3,3,-50.99287799999999,False,1.252
5,491,5,m,20,23-May-2016,Sub5_Trial491_1,1,4,4,-74.366326,False,1.252
5,491,5,m,20,23-May-2016,Sub5_Trial491_1,1,5,5,53.110981,False,1.252
5,491,5,m,20,23-May-2016,Sub5_Trial491_1,1,6,6,-72.301425,False,1.252
5,492,5,m,20,23-May-2016,Sub5_Trial492_0,0,0,0,127.418924,False,0.892
5,492,5,m,20,23-May-2016,Sub5_Trial492_0,0,1,1,18.731418,False,0.892
5,492,5,m,20,23-May-2016,Sub5_Trial492_0,0,2,2,5.463398,False,0.892
5,492,5,m,20,23-May-2016,Sub5_Trial492_0,0,3,3,-3.626314999999998,False,0.892
5,492,5,m,20,23-May-2016,Sub5_Trial492_0,0,4,4,-44.089533,False,0.892
5,492,5,m,20,23-May-2016,Sub5_Trial492_0,0,5,5,6.643391000000001,False,0.892
5,492,5,m,20,23-May-2016,Sub5_Trial492_0,0,6,6,-98.892988,False,0.892
5,492,5,m,20,23-May-2016,Sub5_Trial492_1,1,0,0,53.807248,True,0.892
5,492,5,m,20,23-May-2016,Sub5_Trial492_1,1,1,1,-72.172237,True,0.892
5,492,5,m,20,23-May-2016,Sub5_Trial492_1,1,2,2,109.941914,True,0.892
5,492,5,m,20,23-May-2016,Sub5_Trial492_1,1,3,3,38.055281,True,0.892
5,492,5,m,20,23-May-2016,Sub5_Trial492_1,1,4,4,-5.788306,True,0.892
5,492,5,m,20,23-May-2016,Sub5_Trial492_1,1,5,5,-70.418985,True,0.892
5,492,5,m,20,23-May-2016,Sub5_Trial492_1,1,6,6,43.430921,True,0.892
5,493,5,m,20,23-May-2016,Sub5_Trial493_0,0,0,0,40.245028,True,2.144
5,493,5,m,20,23-May-2016,Sub5_Trial493_0,0,1,1,-32.936266,True,2.144
5,493,5,m,20,23-May-2016,Sub5_Trial493_0,0,2,2,145.662599,True,2.144
5,493,5,m,20,23-May-2016,Sub5_Trial493_0,0,3,3,-61.511066,True,2.144
5,493,5,m,20,23-May-2016,Sub5_Trial493_0,0,4,4,94.684134,True,2.144
5,493,5,m,20,23-May-2016,Sub5_Trial493_0,0,5,5,-17.189644,True,2.144
5,493,5,m,20,23-May-2016,Sub5_Trial493_0,0,6,6,85.615576,True,2.144
5,493,5,m,20,23-May-2016,Sub5_Trial493_1,1,0,0,-51.624236999999994,False,2.144
5,493,5,m,20,23-May-2016,Sub5_Trial493_1,1,1,1,3.0951260000000005,False,2.144
5,493,5,m,20,23-May-2016,Sub5_Trial493_1,1,2,2,-15.601775000000004,False,2.144
5,493,5,m,20,23-May-2016,Sub5_Trial493_1,1,3,3,146.936018,False,2.144
5,493,5,m,20,23-May-2016,Sub5_Trial493_1,1,4,4,-111.57752199999999,False,2.144
5,493,5,m,20,23-May-2016,Sub5_Trial493_1,1,5,5,25.258633,False,2.144
5,493,5,m,20,23-May-2016,Sub5_Trial493_1,1,6,6,-116.78748200000001,False,2.144
5,494,5,m,20,23-May-2016,Sub5_Trial494_0,0,0,0,56.746289,False,0.493
5,494,5,m,20,23-May-2016,Sub5_Trial494_0,0,1,1,11.485132,False,0.493
5,494,5,m,20,23-May-2016,Sub5_Trial494_0,0,2,2,109.367608,False,0.493
5,494,5,m,20,23-May-2016,Sub5_Trial494_0,0,3,3,41.531859,False,0.493
5,494,5,m,20,23-May-2016,Sub5_Trial494_0,0,4,4,21.36407,False,0.493
5,494,5,m,20,23-May-2016,Sub5_Trial494_0,0,5,5,-135.374453,False,0.493
5,494,5,m,20,23-May-2016,Sub5_Trial494_0,0,6,6,-62.913432,False,0.493
5,494,5,m,20,23-May-2016,Sub5_Trial494_1,1,0,0,78.958387,True,0.493
5,494,5,m,20,23-May-2016,Sub5_Trial494_1,1,1,1,-39.270851,True,0.493
5,494,5,m,20,23-May-2016,Sub5_Trial494_1,1,2,2,-4.275010999999999,True,0.493
5,494,5,m,20,23-May-2016,Sub5_Trial494_1,1,3,3,-79.331439,True,0.493
5,494,5,m,20,23-May-2016,Sub5_Trial494_1,1,4,4,-68.361634,True,0.493
5,494,5,m,20,23-May-2016,Sub5_Trial494_1,1,5,5,95.315877,True,0.493
5,494,5,m,20,23-May-2016,Sub5_Trial494_1,1,6,6,20.696252,True,0.493
5,495,5,m,20,23-May-2016,Sub5_Trial495_0,0,0,0,12.186979,True,2.937
5,495,5,m,20,23-May-2016,Sub5_Trial495_0,0,1,1,133.018735,True,2.937
5,495,5,m,20,23-May-2016,Sub5_Trial495_0,0,2,2,-7.624836000000002,True,2.937
5,495,5,m,20,23-May-2016,Sub5_Trial495_0,0,3,3,67.706629,True,2.937
5,495,5,m,20,23-May-2016,Sub5_Trial495_0,0,4,4,-22.961275999999998,True,2.937
5,495,5,m,20,23-May-2016,Sub5_Trial495_0,0,5,5,-79.463905,True,2.937
5,495,5,m,20,23-May-2016,Sub5_Trial495_0,0,6,6,-145.828213,True,2.937
5,495,5,m,20,23-May-2016,Sub5_Trial495_1,1,0,0,41.934361,False,2.937
5,495,5,m,20,23-May-2016,Sub5_Trial495_1,1,1,1,-46.794279,False,2.937
5,495,5,m,20,23-May-2016,Sub5_Trial495_1,1,2,2,-89.335748,False,2.937
5,495,5,m,20,23-May-2016,Sub5_Trial495_1,1,3,3,25.126462000000004,False,2.937
5,495,5,m,20,23-May-2016,Sub5_Trial495_1,1,4,4,-43.609588,False,2.937
5,495,5,m,20,23-May-2016,Sub5_Trial495_1,1,5,5,-84.147464,False,2.937
5,495,5,m,20,23-May-2016,Sub5_Trial495_1,1,6,6,60.435232,False,2.937
5,496,5,m,20,23-May-2016,Sub5_Trial496_0,0,0,0,-13.500819,True,1.276
5,496,5,m,20,23-May-2016,Sub5_Trial496_0,0,1,1,30.276780000000002,True,1.276
5,496,5,m,20,23-May-2016,Sub5_Trial496_0,0,2,2,-36.102088,True,1.276
5,496,5,m,20,23-May-2016,Sub5_Trial496_0,0,3,3,-48.919896,True,1.276
5,496,5,m,20,23-May-2016,Sub5_Trial496_0,0,4,4,26.165971999999996,True,1.276
5,496,5,m,20,23-May-2016,Sub5_Trial496_0,0,5,5,-19.8876,True,1.276
5,496,5,m,20,23-May-2016,Sub5_Trial496_0,0,6,6,36.48053,True,1.276
5,496,5,m,20,23-May-2016,Sub5_Trial496_1,1,0,0,-93.365659,False,1.276
5,496,5,m,20,23-May-2016,Sub5_Trial496_1,1,1,1,21.939984,False,1.276
5,496,5,m,20,23-May-2016,Sub5_Trial496_1,1,2,2,-103.785951,False,1.276
5,496,5,m,20,23-May-2016,Sub5_Trial496_1,1,3,3,74.177979,False,1.276
5,496,5,m,20,23-May-2016,Sub5_Trial496_1,1,4,4,-101.203779,False,1.276
5,496,5,m,20,23-May-2016,Sub5_Trial496_1,1,5,5,56.596697,False,1.276
5,496,5,m,20,23-May-2016,Sub5_Trial496_1,1,6,6,-58.484916,False,1.276
5,496,6,m,20,23-May-2016,Sub5_Trial496_0,0,0,0,-13.500819,False,0.884
5,496,6,m,20,23-May-2016,Sub5_Trial496_0,0,1,1,30.276780000000002,False,0.884
5,496,6,m,20,23-May-2016,Sub5_Trial496_0,0,2,2,-36.102088,False,0.884
5,496,6,m,20,23-May-2016,Sub5_Trial496_0,0,3,3,-48.919896,False,0.884
5,496,6,m,20,23-May-2016,Sub5_Trial496_0,0,4,4,26.165971999999996,False,0.884
5,496,6,m,20,23-May-2016,Sub5_Trial496_0,0,5,5,-19.8876,False,0.884
5,496,6,m,20,23-May-2016,Sub5_Trial496_0,0,6,6,36.48053,False,0.884
5,496,6,m,20,23-May-2016,Sub5_Trial496_1,1,0,0,-93.365659,True,0.884
5,496,6,m,20,23-May-2016,Sub5_Trial496_1,1,1,1,21.939984,True,0.884
5,496,6,m,20,23-May-2016,Sub5_Trial496_1,1,2,2,-103.785951,True,0.884
5,496,6,m,20,23-May-2016,Sub5_Trial496_1,1,3,3,74.177979,True,0.884
5,496,6,m,20,23-May-2016,Sub5_Trial496_1,1,4,4,-101.203779,True,0.884
5,496,6,m,20,23-May-2016,Sub5_Trial496_1,1,5,5,56.596697,True,0.884
5,496,6,m,20,23-May-2016,Sub5_Trial496_1,1,6,6,-58.484916,True,0.884
5,497,6,m,20,23-May-2016,Sub5_Trial497_0,0,0,0,12.889982000000003,False,0.863
5,497,6,m,20,23-May-2016,Sub5_Trial497_0,0,1,1,-23.703035,False,0.863
5,497,6,m,20,23-May-2016,Sub5_Trial497_0,0,2,2,-64.96231,False,0.863
5,497,6,m,20,23-May-2016,Sub5_Trial497_0,0,3,3,25.823209,False,0.863
5,497,6,m,20,23-May-2016,Sub5_Trial497_0,0,4,4,9.712724999999999,False,0.863
5,497,6,m,20,23-May-2016,Sub5_Trial497_0,0,5,5,-104.250608,False,0.863
5,497,6,m,20,23-May-2016,Sub5_Trial497_0,0,6,6,103.009962,False,0.863
5,497,6,m,20,23-May-2016,Sub5_Trial497_1,1,0,0,-130.842725,True,0.863
5,497,6,m,20,23-May-2016,Sub5_Trial497_1,1,1,1,-13.179313999999998,True,0.863
5,497,6,m,20,23-May-2016,Sub5_Trial497_1,1,2,2,-50.616656000000006,True,0.863
5,497,6,m,20,23-May-2016,Sub5_Trial497_1,1,3,3,36.131278,True,0.863
5,497,6,m,20,23-May-2016,Sub5_Trial497_1,1,4,4,0.4943780000000011,True,0.863
5,497,6,m,20,23-May-2016,Sub5_Trial497_1,1,5,5,22.688035,True,0.863
5,497,6,m,20,23-May-2016,Sub5_Trial497_1,1,6,6,126.017398,True,0.863
5,498,6,m,20,23-May-2016,Sub5_Trial498_0,0,0,0,39.048,False,0.936
5,498,6,m,20,23-May-2016,Sub5_Trial498_0,0,1,1,-33.268447,False,0.936
5,498,6,m,20,23-May-2016,Sub5_Trial498_0,0,2,2,-60.496951,False,0.936
5,498,6,m,20,23-May-2016,Sub5_Trial498_0,0,3,3,51.322213000000005,False,0.936
5,498,6,m,20,23-May-2016,Sub5_Trial498_0,0,4,4,-20.255894,False,0.936
5,498,6,m,20,23-May-2016,Sub5_Trial498_0,0,5,5,-81.047717,False,0.936
5,498,6,m,20,23-May-2016,Sub5_Trial498_0,0,6,6,-84.016064,False,0.936
5,498,6,m,20,23-May-2016,Sub5_Trial498_1,1,0,0,85.403607,True,0.936
5,498,6,m,20,23-May-2016,Sub5_Trial498_1,1,1,1,30.305241,True,0.936
5,498,6,m,20,23-May-2016,Sub5_Trial498_1,1,2,2,-17.303557999999995,True,0.936
5,498,6,m,20,23-May-2016,Sub5_Trial498_1,1,3,3,48.474672,True,0.936
5,498,6,m,20,23-May-2016,Sub5_Trial498_1,1,4,4,-91.654891,True,0.936
5,498,6,m,20,23-May-2016,Sub5_Trial498_1,1,5,5,-0.6055489999999999,True,0.936
5,498,6,m,20,23-May-2016,Sub5_Trial498_1,1,6,6,36.532726,True,0.936
5,499,6,m,20,23-May-2016,Sub5_Trial499_0,0,0,0,-5.46077,False,0.81
5,499,6,m,20,23-May-2016,Sub5_Trial499_0,0,1,1,28.777190000000004,False,0.81
5,499,6,m,20,23-May-2016,Sub5_Trial499_0,0,2,2,39.562152,False,0.81
5,499,6,m,20,23-May-2016,Sub5_Trial499_0,0,3,3,134.451672,False,0.81
5,499,6,m,20,23-May-2016,Sub5_Trial499_0,0,4,4,8.108241,False,0.81
5,499,6,m,20,23-May-2016,Sub5_Trial499_0,0,5,5,-60.996788,False,0.81
5,499,6,m,20,23-May-2016,Sub5_Trial499_0,0,6,6,97.769615,False,0.81
5,499,6,m,20,23-May-2016,Sub5_Trial499_1,1,0,0,-93.462009,True,0.81
5,499,6,m,20,23-May-2016,Sub5_Trial499_1,1,1,1,31.236567,True,0.81
5,499,6,m,20,23-May-2016,Sub5_Trial499_1,1,2,2,-97.037821,True,0.81
5,499,6,m,20,23-May-2016,Sub5_Trial499_1,1,3,3,116.742299,True,0.81
5,499,6,m,20,23-May-2016,Sub5_Trial499_1,1,4,4,-78.762582,True,0.81
5,499,6,m,20,23-May-2016,Sub5_Trial499_1,1,5,5,95.560341,True,0.81
5,499,6,m,20,23-May-2016,Sub5_Trial499_1,1,6,6,-64.131635,True,0.81
5,500,6,m,20,23-May-2016,Sub5_Trial500_0,0,0,0,11.799886999999998,True,0.674
5,500,6,m,20,23-May-2016,Sub5_Trial500_0,0,1,1,63.21450200000001,True,0.674
5,500,6,m,20,23-May-2016,Sub5_Trial500_0,0,2,2,36.00466,True,0.674
5,500,6,m,20,23-May-2016,Sub5_Trial500_0,0,3,3,-37.353307,True,0.674
5,500,6,m,20,23-May-2016,Sub5_Trial500_0,0,4,4,-11.407603,True,0.674
5,500,6,m,20,23-May-2016,Sub5_Trial500_0,0,5,5,-8.237778,True,0.674
5,500,6,m,20,23-May-2016,Sub5_Trial500_0,0,6,6,40.039656,True,0.674
5,500,6,m,20,23-May-2016,Sub5_Trial500_1,1,0,0,-37.519818,False,0.674
5,500,6,m,20,23-May-2016,Sub5_Trial500_1,1,1,1,-100.876128,False,0.674
5,500,6,m,20,23-May-2016,Sub5_Trial500_1,1,2,2,-8.004621999999998,False,0.674
5,500,6,m,20,23-May-2016,Sub5_Trial500_1,1,3,3,52.230092,False,0.674
5,500,6,m,20,23-May-2016,Sub5_Trial500_1,1,4,4,-56.367276000000004,False,0.674
5,500,6,m,20,23-May-2016,Sub5_Trial500_1,1,5,5,-113.888365,False,0.674
5,500,6,m,20,23-May-2016,Sub5_Trial500_1,1,6,6,-3.703081000000001,False,0.674
5,501,6,m,20,23-May-2016,Sub5_Trial501_0,0,0,0,26.705319,False,0.706
5,501,6,m,20,23-May-2016,Sub5_Trial501_0,0,1,1,-35.103788,False,0.706
5,501,6,m,20,23-May-2016,Sub5_Trial501_0,0,2,2,18.308435,False,0.706
5,501,6,m,20,23-May-2016,Sub5_Trial501_0,0,3,3,-47.764269,False,0.706
5,501,6,m,20,23-May-2016,Sub5_Trial501_0,0,4,4,-1.7887839999999997,False,0.706
5,501,6,m,20,23-May-2016,Sub5_Trial501_0,0,5,5,-9.73902,False,0.706
5,501,6,m,20,23-May-2016,Sub5_Trial501_0,0,6,6,81.257972,False,0.706
5,501,6,m,20,23-May-2016,Sub5_Trial501_1,1,0,0,25.044459000000003,True,0.706
5,501,6,m,20,23-May-2016,Sub5_Trial501_1,1,1,1,-16.765915,True,0.706
5,501,6,m,20,23-May-2016,Sub5_Trial501_1,1,2,2,48.190672000000006,True,0.706
5,501,6,m,20,23-May-2016,Sub5_Trial501_1,1,3,3,32.245816,True,0.706
5,501,6,m,20,23-May-2016,Sub5_Trial501_1,1,4,4,87.701239,True,0.706
5,501,6,m,20,23-May-2016,Sub5_Trial501_1,1,5,5,-39.637113,True,0.706
5,501,6,m,20,23-May-2016,Sub5_Trial501_1,1,6,6,1.9436630000000008,True,0.706
5,502,6,m,20,23-May-2016,Sub5_Trial502_0,0,0,0,-23.042093,False,0.668
5,502,6,m,20,23-May-2016,Sub5_Trial502_0,0,1,1,28.601314,False,0.668
5,502,6,m,20,23-May-2016,Sub5_Trial502_0,0,2,2,-11.52485,False,0.668
5,502,6,m,20,23-May-2016,Sub5_Trial502_0,0,3,3,-52.118594,False,0.668
5,502,6,m,20,23-May-2016,Sub5_Trial502_0,0,4,4,-24.650716000000003,False,0.668
5,502,6,m,20,23-May-2016,Sub5_Trial502_0,0,5,5,58.200286,False,0.668
5,502,6,m,20,23-May-2016,Sub5_Trial502_0,0,6,6,-40.140166,False,0.668
5,502,6,m,20,23-May-2016,Sub5_Trial502_1,1,0,0,6.011308,True,0.668
5,502,6,m,20,23-May-2016,Sub5_Trial502_1,1,1,1,32.088027,True,0.668
5,502,6,m,20,23-May-2016,Sub5_Trial502_1,1,2,2,72.873599,True,0.668
5,502,6,m,20,23-May-2016,Sub5_Trial502_1,1,3,3,92.186798,True,0.668
5,502,6,m,20,23-May-2016,Sub5_Trial502_1,1,4,4,-10.370839,True,0.668
5,502,6,m,20,23-May-2016,Sub5_Trial502_1,1,5,5,124.536755,True,0.668
5,502,6,m,20,23-May-2016,Sub5_Trial502_1,1,6,6,-23.195277,True,0.668
5,503,6,m,20,23-May-2016,Sub5_Trial503_0,0,0,0,12.094436,False,0.859
5,503,6,m,20,23-May-2016,Sub5_Trial503_0,0,1,1,-56.494923,False,0.859
5,503,6,m,20,23-May-2016,Sub5_Trial503_0,0,2,2,-77.963057,False,0.859
5,503,6,m,20,23-May-2016,Sub5_Trial503_0,0,3,3,-147.640638,False,0.859
5,503,6,m,20,23-May-2016,Sub5_Trial503_0,0,4,4,122.67612,False,0.859
5,503,6,m,20,23-May-2016,Sub5_Trial503_0,0,5,5,-30.837778999999998,False,0.859
5,503,6,m,20,23-May-2016,Sub5_Trial503_0,0,6,6,10.689544,False,0.859
5,503,6,m,20,23-May-2016,Sub5_Trial503_1,1,0,0,127.175861,True,0.859
5,503,6,m,20,23-May-2016,Sub5_Trial503_1,1,1,1,-30.990536,True,0.859
5,503,6,m,20,23-May-2016,Sub5_Trial503_1,1,2,2,-15.455087,True,0.859
5,503,6,m,20,23-May-2016,Sub5_Trial503_1,1,3,3,53.09792999999999,True,0.859
5,503,6,m,20,23-May-2016,Sub5_Trial503_1,1,4,4,-13.055401,True,0.859
5,503,6,m,20,23-May-2016,Sub5_Trial503_1,1,5,5,69.933153,True,0.859
5,503,6,m,20,23-May-2016,Sub5_Trial503_1,1,6,6,-29.679603,True,0.859
5,504,6,m,20,23-May-2016,Sub5_Trial504_0,0,0,0,100.194773,False,3.085
5,504,6,m,20,23-May-2016,Sub5_Trial504_0,0,1,1,79.79295,False,3.085
5,504,6,m,20,23-May-2016,Sub5_Trial504_0,0,2,2,-120.355907,False,3.085
5,504,6,m,20,23-May-2016,Sub5_Trial504_0,0,3,3,-5.986364000000002,False,3.085
5,504,6,m,20,23-May-2016,Sub5_Trial504_0,0,4,4,-141.862983,False,3.085
5,504,6,m,20,23-May-2016,Sub5_Trial504_0,0,5,5,-74.00938,False,3.085
5,504,6,m,20,23-May-2016,Sub5_Trial504_0,0,6,6,61.937508,False,3.085
5,504,6,m,20,23-May-2016,Sub5_Trial504_1,1,0,0,-23.01869,True,3.085
5,504,6,m,20,23-May-2016,Sub5_Trial504_1,1,1,1,35.800224,True,3.085
5,504,6,m,20,23-May-2016,Sub5_Trial504_1,1,2,2,-81.977692,True,3.085
5,504,6,m,20,23-May-2016,Sub5_Trial504_1,1,3,3,15.976865000000004,True,3.085
5,504,6,m,20,23-May-2016,Sub5_Trial504_1,1,4,4,-117.478745,True,3.085
5,504,6,m,20,23-May-2016,Sub5_Trial504_1,1,5,5,46.087174000000005,True,3.085
5,504,6,m,20,23-May-2016,Sub5_Trial504_1,1,6,6,32.988093,True,3.085
5,505,6,m,20,23-May-2016,Sub5_Trial505_0,0,0,0,-60.737887,False,2.5
5,505,6,m,20,23-May-2016,Sub5_Trial505_0,0,1,1,52.836073999999996,False,2.5
5,505,6,m,20,23-May-2016,Sub5_Trial505_0,0,2,2,132.85157,False,2.5
5,505,6,m,20,23-May-2016,Sub5_Trial505_0,0,3,3,52.850922,False,2.5
5,505,6,m,20,23-May-2016,Sub5_Trial505_0,0,4,4,1.0927289999999985,False,2.5
5,505,6,m,20,23-May-2016,Sub5_Trial505_0,0,5,5,26.566626999999997,False,2.5
5,505,6,m,20,23-May-2016,Sub5_Trial505_0,0,6,6,-48.939265,False,2.5
5,505,6,m,20,23-May-2016,Sub5_Trial505_1,1,0,0,3.355150000000002,True,2.5
5,505,6,m,20,23-May-2016,Sub5_Trial505_1,1,1,1,-68.080198,True,2.5
5,505,6,m,20,23-May-2016,Sub5_Trial505_1,1,2,2,-24.080268000000004,True,2.5
5,505,6,m,20,23-May-2016,Sub5_Trial505_1,1,3,3,137.896828,True,2.5
5,505,6,m,20,23-May-2016,Sub5_Trial505_1,1,4,4,85.309766,True,2.5
5,505,6,m,20,23-May-2016,Sub5_Trial505_1,1,5,5,32.861945,True,2.5
5,505,6,m,20,23-May-2016,Sub5_Trial505_1,1,6,6,-69.295857,True,2.5
5,506,6,m,20,23-May-2016,Sub5_Trial506_0,0,0,0,28.277100000000004,True,0.787
5,506,6,m,20,23-May-2016,Sub5_Trial506_0,0,1,1,53.812562,True,0.787
5,506,6,m,20,23-May-2016,Sub5_Trial506_0,0,2,2,-60.134712,True,0.787
5,506,6,m,20,23-May-2016,Sub5_Trial506_0,0,3,3,78.098458,True,0.787
5,506,6,m,20,23-May-2016,Sub5_Trial506_0,0,4,4,-45.764601,True,0.787
5,506,6,m,20,23-May-2016,Sub5_Trial506_0,0,5,5,68.24395,True,0.787
5,506,6,m,20,23-May-2016,Sub5_Trial506_0,0,6,6,90.466266,True,0.787
5,506,6,m,20,23-May-2016,Sub5_Trial506_1,1,0,0,-12.638255999999998,False,0.787
5,506,6,m,20,23-May-2016,Sub5_Trial506_1,1,1,1,40.056592,False,0.787
5,506,6,m,20,23-May-2016,Sub5_Trial506_1,1,2,2,94.829254,False,0.787
5,506,6,m,20,23-May-2016,Sub5_Trial506_1,1,3,3,-97.089793,False,0.787
5,506,6,m,20,23-May-2016,Sub5_Trial506_1,1,4,4,-132.208866,False,0.787
5,506,6,m,20,23-May-2016,Sub5_Trial506_1,1,5,5,-144.596613,False,0.787
5,506,6,m,20,23-May-2016,Sub5_Trial506_1,1,6,6,70.015743,False,0.787
5,507,6,m,20,23-May-2016,Sub5_Trial507_0,0,0,0,-37.774883,True,3.311
5,507,6,m,20,23-May-2016,Sub5_Trial507_0,0,1,1,-7.568235999999999,True,3.311
5,507,6,m,20,23-May-2016,Sub5_Trial507_0,0,2,2,-2.027227,True,3.311
5,507,6,m,20,23-May-2016,Sub5_Trial507_0,0,3,3,-86.280498,True,3.311
5,507,6,m,20,23-May-2016,Sub5_Trial507_0,0,4,4,-19.333116,True,3.311
5,507,6,m,20,23-May-2016,Sub5_Trial507_0,0,5,5,-32.904541,True,3.311
5,507,6,m,20,23-May-2016,Sub5_Trial507_0,0,6,6,62.66216299999999,True,3.311
5,507,6,m,20,23-May-2016,Sub5_Trial507_1,1,0,0,-76.824247,False,3.311
5,507,6,m,20,23-May-2016,Sub5_Trial507_1,1,1,1,-34.912892,False,3.311
5,507,6,m,20,23-May-2016,Sub5_Trial507_1,1,2,2,62.679144,False,3.311
5,507,6,m,20,23-May-2016,Sub5_Trial507_1,1,3,3,-124.01946800000002,False,3.311
5,507,6,m,20,23-May-2016,Sub5_Trial507_1,1,4,4,45.622172,False,3.311
5,507,6,m,20,23-May-2016,Sub5_Trial507_1,1,5,5,-24.329897000000003,False,3.311
5,507,6,m,20,23-May-2016,Sub5_Trial507_1,1,6,6,-43.291812,False,3.311
5,508,6,m,20,23-May-2016,Sub5_Trial508_0,0,0,0,144.695258,True,0.649
5,508,6,m,20,23-May-2016,Sub5_Trial508_0,0,1,1,-11.057909,True,0.649
5,508,6,m,20,23-May-2016,Sub5_Trial508_0,0,2,2,-44.264945,True,0.649
5,508,6,m,20,23-May-2016,Sub5_Trial508_0,0,3,3,112.660336,True,0.649
5,508,6,m,20,23-May-2016,Sub5_Trial508_0,0,4,4,-64.017978,True,0.649
5,508,6,m,20,23-May-2016,Sub5_Trial508_0,0,5,5,-0.8528599999999997,True,0.649
5,508,6,m,20,23-May-2016,Sub5_Trial508_0,0,6,6,-25.951973,True,0.649
5,508,6,m,20,23-May-2016,Sub5_Trial508_1,1,0,0,-47.503253,False,0.649
5,508,6,m,20,23-May-2016,Sub5_Trial508_1,1,1,1,43.346065,False,0.649
5,508,6,m,20,23-May-2016,Sub5_Trial508_1,1,2,2,-37.032067,False,0.649
5,508,6,m,20,23-May-2016,Sub5_Trial508_1,1,3,3,-54.653670000000005,False,0.649
5,508,6,m,20,23-May-2016,Sub5_Trial508_1,1,4,4,42.758474,False,0.649
5,508,6,m,20,23-May-2016,Sub5_Trial508_1,1,5,5,-123.583518,False,0.649
5,508,6,m,20,23-May-2016,Sub5_Trial508_1,1,6,6,3.607405,False,0.649
5,509,6,m,20,23-May-2016,Sub5_Trial509_0,0,0,0,-28.157166000000004,False,1.241
5,509,6,m,20,23-May-2016,Sub5_Trial509_0,0,1,1,-78.648897,False,1.241
5,509,6,m,20,23-May-2016,Sub5_Trial509_0,0,2,2,-34.167865,False,1.241
5,509,6,m,20,23-May-2016,Sub5_Trial509_0,0,3,3,94.833741,False,1.241
5,509,6,m,20,23-May-2016,Sub5_Trial509_0,0,4,4,22.37614,False,1.241
5,509,6,m,20,23-May-2016,Sub5_Trial509_0,0,5,5,94.686206,False,1.241
5,509,6,m,20,23-May-2016,Sub5_Trial509_0,0,6,6,-98.444816,False,1.241
5,509,6,m,20,23-May-2016,Sub5_Trial509_1,1,0,0,-11.624966,True,1.241
5,509,6,m,20,23-May-2016,Sub5_Trial509_1,1,1,1,-36.419006,True,1.241
5,509,6,m,20,23-May-2016,Sub5_Trial509_1,1,2,2,-0.19975499999999968,True,1.241
5,509,6,m,20,23-May-2016,Sub5_Trial509_1,1,3,3,41.051762,True,1.241
5,509,6,m,20,23-May-2016,Sub5_Trial509_1,1,4,4,0.3296090000000014,True,1.241
5,509,6,m,20,23-May-2016,Sub5_Trial509_1,1,5,5,32.094507,True,1.241
5,509,6,m,20,23-May-2016,Sub5_Trial509_1,1,6,6,54.807011,True,1.241
5,510,6,m,20,23-May-2016,Sub5_Trial510_0,0,0,0,2.314112999999999,False,5.664
5,510,6,m,20,23-May-2016,Sub5_Trial510_0,0,1,1,-4.549461999999998,False,5.664
5,510,6,m,20,23-May-2016,Sub5_Trial510_0,0,2,2,55.897218,False,5.664
5,510,6,m,20,23-May-2016,Sub5_Trial510_0,0,3,3,-0.3178869999999989,False,5.664
5,510,6,m,20,23-May-2016,Sub5_Trial510_0,0,4,4,15.008418,False,5.664
5,510,6,m,20,23-May-2016,Sub5_Trial510_0,0,5,5,89.736283,False,5.664
5,510,6,m,20,23-May-2016,Sub5_Trial510_0,0,6,6,41.219107,False,5.664
5,510,6,m,20,23-May-2016,Sub5_Trial510_1,1,0,0,-10.297003,True,5.664
5,510,6,m,20,23-May-2016,Sub5_Trial510_1,1,1,1,-29.348466,True,5.664
5,510,6,m,20,23-May-2016,Sub5_Trial510_1,1,2,2,37.699223,True,5.664
5,510,6,m,20,23-May-2016,Sub5_Trial510_1,1,3,3,-27.715299,True,5.664
5,510,6,m,20,23-May-2016,Sub5_Trial510_1,1,4,4,74.282105,True,5.664
5,510,6,m,20,23-May-2016,Sub5_Trial510_1,1,5,5,68.187848,True,5.664
5,510,6,m,20,23-May-2016,Sub5_Trial510_1,1,6,6,-59.282009,True,5.664
5,511,6,m,20,23-May-2016,Sub5_Trial511_0,0,0,0,9.861926,True,1.246
5,511,6,m,20,23-May-2016,Sub5_Trial511_0,0,1,1,71.911882,True,1.246
5,511,6,m,20,23-May-2016,Sub5_Trial511_0,0,2,2,-22.878098,True,1.246
5,511,6,m,20,23-May-2016,Sub5_Trial511_0,0,3,3,72.741307,True,1.246
5,511,6,m,20,23-May-2016,Sub5_Trial511_0,0,4,4,-68.678168,True,1.246
5,511,6,m,20,23-May-2016,Sub5_Trial511_0,0,5,5,152.446824,True,1.246
5,511,6,m,20,23-May-2016,Sub5_Trial511_0,0,6,6,62.980071,True,1.246
5,511,6,m,20,23-May-2016,Sub5_Trial511_1,1,0,0,64.093364,False,1.246
5,511,6,m,20,23-May-2016,Sub5_Trial511_1,1,1,1,146.762759,False,1.246
5,511,6,m,20,23-May-2016,Sub5_Trial511_1,1,2,2,-6.615043,False,1.246
5,511,6,m,20,23-May-2016,Sub5_Trial511_1,1,3,3,41.690744,False,1.246
5,511,6,m,20,23-May-2016,Sub5_Trial511_1,1,4,4,-44.563485,False,1.246
5,511,6,m,20,23-May-2016,Sub5_Trial511_1,1,5,5,-74.731719,False,1.246
5,511,6,m,20,23-May-2016,Sub5_Trial511_1,1,6,6,-15.997911,False,1.246
5,512,6,m,20,23-May-2016,Sub5_Trial512_0,0,0,0,-10.155821,False,2.554
5,512,6,m,20,23-May-2016,Sub5_Trial512_0,0,1,1,-80.772802,False,2.554
5,512,6,m,20,23-May-2016,Sub5_Trial512_0,0,2,2,-6.852222000000001,False,2.554
5,512,6,m,20,23-May-2016,Sub5_Trial512_0,0,3,3,73.790682,False,2.554
5,512,6,m,20,23-May-2016,Sub5_Trial512_0,0,4,4,15.212555,False,2.554
5,512,6,m,20,23-May-2016,Sub5_Trial512_0,0,5,5,136.289833,False,2.554
5,512,6,m,20,23-May-2016,Sub5_Trial512_0,0,6,6,105.475764,False,2.554
5,512,6,m,20,23-May-2016,Sub5_Trial512_1,1,0,0,-42.168978,True,2.554
5,512,6,m,20,23-May-2016,Sub5_Trial512_1,1,1,1,21.752172,True,2.554
5,512,6,m,20,23-May-2016,Sub5_Trial512_1,1,2,2,-80.623484,True,2.554
5,512,6,m,20,23-May-2016,Sub5_Trial512_1,1,3,3,39.618258,True,2.554
5,512,6,m,20,23-May-2016,Sub5_Trial512_1,1,4,4,-102.386432,True,2.554
5,512,6,m,20,23-May-2016,Sub5_Trial512_1,1,5,5,106.464855,True,2.554
5,512,6,m,20,23-May-2016,Sub5_Trial512_1,1,6,6,24.742514,True,2.554
5,513,6,m,20,23-May-2016,Sub5_Trial513_0,0,0,0,-48.733858999999995,True,2.84
5,513,6,m,20,23-May-2016,Sub5_Trial513_0,0,1,1,-36.345863,True,2.84
5,513,6,m,20,23-May-2016,Sub5_Trial513_0,0,2,2,-118.827474,True,2.84
5,513,6,m,20,23-May-2016,Sub5_Trial513_0,0,3,3,66.121386,True,2.84
5,513,6,m,20,23-May-2016,Sub5_Trial513_0,0,4,4,69.459897,True,2.84
5,513,6,m,20,23-May-2016,Sub5_Trial513_0,0,5,5,27.658565,True,2.84
5,513,6,m,20,23-May-2016,Sub5_Trial513_0,0,6,6,-1.6597599999999986,True,2.84
5,513,6,m,20,23-May-2016,Sub5_Trial513_1,1,0,0,-105.536756,False,2.84
5,513,6,m,20,23-May-2016,Sub5_Trial513_1,1,1,1,22.459520999999995,False,2.84
5,513,6,m,20,23-May-2016,Sub5_Trial513_1,1,2,2,102.111449,False,2.84
5,513,6,m,20,23-May-2016,Sub5_Trial513_1,1,3,3,73.656712,False,2.84
5,513,6,m,20,23-May-2016,Sub5_Trial513_1,1,4,4,68.378132,False,2.84
5,513,6,m,20,23-May-2016,Sub5_Trial513_1,1,5,5,30.669601,False,2.84
5,513,6,m,20,23-May-2016,Sub5_Trial513_1,1,6,6,-8.124829,False,2.84
5,514,6,m,20,23-May-2016,Sub5_Trial514_0,0,0,0,79.391622,True,1.089
5,514,6,m,20,23-May-2016,Sub5_Trial514_0,0,1,1,43.635389,True,1.089
5,514,6,m,20,23-May-2016,Sub5_Trial514_0,0,2,2,91.07334,True,1.089
5,514,6,m,20,23-May-2016,Sub5_Trial514_0,0,3,3,126.071493,True,1.089
5,514,6,m,20,23-May-2016,Sub5_Trial514_0,0,4,4,38.47327,True,1.089
5,514,6,m,20,23-May-2016,Sub5_Trial514_0,0,5,5,43.3491,True,1.089
5,514,6,m,20,23-May-2016,Sub5_Trial514_0,0,6,6,53.894118,True,1.089
5,514,6,m,20,23-May-2016,Sub5_Trial514_1,1,0,0,-42.087243,False,1.089
5,514,6,m,20,23-May-2016,Sub5_Trial514_1,1,1,1,-0.8447980000000008,False,1.089
5,514,6,m,20,23-May-2016,Sub5_Trial514_1,1,2,2,86.930526,False,1.089
5,514,6,m,20,23-May-2016,Sub5_Trial514_1,1,3,3,-3.292871999999999,False,1.089
5,514,6,m,20,23-May-2016,Sub5_Trial514_1,1,4,4,50.73425,False,1.089
5,514,6,m,20,23-May-2016,Sub5_Trial514_1,1,5,5,-29.836511,False,1.089
5,514,6,m,20,23-May-2016,Sub5_Trial514_1,1,6,6,-88.234898,False,1.089
5,515,6,m,20,23-May-2016,Sub5_Trial515_0,0,0,0,-102.907269,True,0.466
5,515,6,m,20,23-May-2016,Sub5_Trial515_0,0,1,1,46.525593,True,0.466
5,515,6,m,20,23-May-2016,Sub5_Trial515_0,0,2,2,22.339616,True,0.466
5,515,6,m,20,23-May-2016,Sub5_Trial515_0,0,3,3,100.905989,True,0.466
5,515,6,m,20,23-May-2016,Sub5_Trial515_0,0,4,4,13.079879,True,0.466
5,515,6,m,20,23-May-2016,Sub5_Trial515_0,0,5,5,78.992079,True,0.466
5,515,6,m,20,23-May-2016,Sub5_Trial515_0,0,6,6,30.35614,True,0.466
5,515,6,m,20,23-May-2016,Sub5_Trial515_1,1,0,0,91.57264,False,0.466
5,515,6,m,20,23-May-2016,Sub5_Trial515_1,1,1,1,36.415373,False,0.466
5,515,6,m,20,23-May-2016,Sub5_Trial515_1,1,2,2,-27.223499,False,0.466
5,515,6,m,20,23-May-2016,Sub5_Trial515_1,1,3,3,-55.545298,False,0.466
5,515,6,m,20,23-May-2016,Sub5_Trial515_1,1,4,4,24.298241000000004,False,0.466
5,515,6,m,20,23-May-2016,Sub5_Trial515_1,1,5,5,-101.071707,False,0.466
5,515,6,m,20,23-May-2016,Sub5_Trial515_1,1,6,6,27.147599999999997,False,0.466
5,516,6,m,20,23-May-2016,Sub5_Trial516_0,0,0,0,1.766573000000001,True,0.771
5,516,6,m,20,23-May-2016,Sub5_Trial516_0,0,1,1,-28.727858999999995,True,0.771
5,516,6,m,20,23-May-2016,Sub5_Trial516_0,0,2,2,-20.789682,True,0.771
5,516,6,m,20,23-May-2016,Sub5_Trial516_0,0,3,3,-58.26150799999999,True,0.771
5,516,6,m,20,23-May-2016,Sub5_Trial516_0,0,4,4,-38.566215,True,0.771
5,516,6,m,20,23-May-2016,Sub5_Trial516_0,0,5,5,25.42143,True,0.771
5,516,6,m,20,23-May-2016,Sub5_Trial516_0,0,6,6,61.098106,True,0.771
5,516,6,m,20,23-May-2016,Sub5_Trial516_1,1,0,0,84.364399,False,0.771
5,516,6,m,20,23-May-2016,Sub5_Trial516_1,1,1,1,80.755123,False,0.771
5,516,6,m,20,23-May-2016,Sub5_Trial516_1,1,2,2,-13.524523,False,0.771
5,516,6,m,20,23-May-2016,Sub5_Trial516_1,1,3,3,65.150756,False,0.771
5,516,6,m,20,23-May-2016,Sub5_Trial516_1,1,4,4,-16.088534,False,0.771
5,516,6,m,20,23-May-2016,Sub5_Trial516_1,1,5,5,-41.817076,False,0.771
5,516,6,m,20,23-May-2016,Sub5_Trial516_1,1,6,6,26.834845,False,0.771
5,517,6,m,20,23-May-2016,Sub5_Trial517_0,0,0,0,-40.004964,False,5.076
5,517,6,m,20,23-May-2016,Sub5_Trial517_0,0,1,1,121.259531,False,5.076
5,517,6,m,20,23-May-2016,Sub5_Trial517_0,0,2,2,-39.915041,False,5.076
5,517,6,m,20,23-May-2016,Sub5_Trial517_0,0,3,3,-20.657412,False,5.076
5,517,6,m,20,23-May-2016,Sub5_Trial517_0,0,4,4,81.543522,False,5.076
5,517,6,m,20,23-May-2016,Sub5_Trial517_0,0,5,5,-106.85456,False,5.076
5,517,6,m,20,23-May-2016,Sub5_Trial517_0,0,6,6,-129.414192,False,5.076
5,517,6,m,20,23-May-2016,Sub5_Trial517_1,1,0,0,32.605143,True,5.076
5,517,6,m,20,23-May-2016,Sub5_Trial517_1,1,1,1,59.52312499999999,True,5.076
5,517,6,m,20,23-May-2016,Sub5_Trial517_1,1,2,2,126.43484000000001,True,5.076
5,517,6,m,20,23-May-2016,Sub5_Trial517_1,1,3,3,-16.262256,True,5.076
5,517,6,m,20,23-May-2016,Sub5_Trial517_1,1,4,4,51.938322,True,5.076
5,517,6,m,20,23-May-2016,Sub5_Trial517_1,1,5,5,-129.865518,True,5.076
5,517,6,m,20,23-May-2016,Sub5_Trial517_1,1,6,6,112.243742,True,5.076
5,518,6,m,20,23-May-2016,Sub5_Trial518_0,0,0,0,-19.660278000000005,False,1.171
5,518,6,m,20,23-May-2016,Sub5_Trial518_0,0,1,1,6.412486000000001,False,1.171
5,518,6,m,20,23-May-2016,Sub5_Trial518_0,0,2,2,18.598006,False,1.171
5,518,6,m,20,23-May-2016,Sub5_Trial518_0,0,3,3,-41.248448,False,1.171
5,518,6,m,20,23-May-2016,Sub5_Trial518_0,0,4,4,63.083405,False,1.171
5,518,6,m,20,23-May-2016,Sub5_Trial518_0,0,5,5,-68.91969,False,1.171
5,518,6,m,20,23-May-2016,Sub5_Trial518_0,0,6,6,147.313115,False,1.171
5,518,6,m,20,23-May-2016,Sub5_Trial518_1,1,0,0,72.988985,True,1.171
5,518,6,m,20,23-May-2016,Sub5_Trial518_1,1,1,1,-110.387039,True,1.171
5,518,6,m,20,23-May-2016,Sub5_Trial518_1,1,2,2,-11.017551,True,1.171
5,518,6,m,20,23-May-2016,Sub5_Trial518_1,1,3,3,25.551637999999997,True,1.171
5,518,6,m,20,23-May-2016,Sub5_Trial518_1,1,4,4,2.7174370000000003,True,1.171
5,518,6,m,20,23-May-2016,Sub5_Trial518_1,1,5,5,17.451211999999998,True,1.171
5,518,6,m,20,23-May-2016,Sub5_Trial518_1,1,6,6,-29.769559,True,1.171
5,519,6,m,20,23-May-2016,Sub5_Trial519_0,0,0,0,18.019025,True,0.73
5,519,6,m,20,23-May-2016,Sub5_Trial519_0,0,1,1,-7.050791,True,0.73
5,519,6,m,20,23-May-2016,Sub5_Trial519_0,0,2,2,34.946744,True,0.73
5,519,6,m,20,23-May-2016,Sub5_Trial519_0,0,3,3,17.641204,True,0.73
5,519,6,m,20,23-May-2016,Sub5_Trial519_0,0,4,4,-26.924915,True,0.73
5,519,6,m,20,23-May-2016,Sub5_Trial519_0,0,5,5,-43.871166,True,0.73
5,519,6,m,20,23-May-2016,Sub5_Trial519_0,0,6,6,37.067731,True,0.73
5,519,6,m,20,23-May-2016,Sub5_Trial519_1,1,0,0,77.486214,False,0.73
5,519,6,m,20,23-May-2016,Sub5_Trial519_1,1,1,1,28.581148999999996,False,0.73
5,519,6,m,20,23-May-2016,Sub5_Trial519_1,1,2,2,4.758168000000001,False,0.73
5,519,6,m,20,23-May-2016,Sub5_Trial519_1,1,3,3,60.917023,False,0.73
5,519,6,m,20,23-May-2016,Sub5_Trial519_1,1,4,4,-142.476892,False,0.73
5,519,6,m,20,23-May-2016,Sub5_Trial519_1,1,5,5,-68.547201,False,0.73
5,519,6,m,20,23-May-2016,Sub5_Trial519_1,1,6,6,-88.178769,False,0.73
5,520,6,m,20,23-May-2016,Sub5_Trial520_0,0,0,0,-27.695847,False,0.618
5,520,6,m,20,23-May-2016,Sub5_Trial520_0,0,1,1,9.743575,False,0.618
5,520,6,m,20,23-May-2016,Sub5_Trial520_0,0,2,2,-51.756341,False,0.618
5,520,6,m,20,23-May-2016,Sub5_Trial520_0,0,3,3,37.568478,False,0.618
5,520,6,m,20,23-May-2016,Sub5_Trial520_0,0,4,4,-20.077794,False,0.618
5,520,6,m,20,23-May-2016,Sub5_Trial520_0,0,5,5,20.580093000000005,False,0.618
5,520,6,m,20,23-May-2016,Sub5_Trial520_0,0,6,6,31.372448,False,0.618
5,520,6,m,20,23-May-2016,Sub5_Trial520_1,1,0,0,34.937188,True,0.618
5,520,6,m,20,23-May-2016,Sub5_Trial520_1,1,1,1,66.349492,True,0.618
5,520,6,m,20,23-May-2016,Sub5_Trial520_1,1,2,2,-34.568981,True,0.618
5,520,6,m,20,23-May-2016,Sub5_Trial520_1,1,3,3,116.827567,True,0.618
5,520,6,m,20,23-May-2016,Sub5_Trial520_1,1,4,4,58.116169,True,0.618
5,520,6,m,20,23-May-2016,Sub5_Trial520_1,1,5,5,89.812938,True,0.618
5,520,6,m,20,23-May-2016,Sub5_Trial520_1,1,6,6,-73.567712,True,0.618
5,521,6,m,20,23-May-2016,Sub5_Trial521_0,0,0,0,-111.81368600000002,False,0.759
5,521,6,m,20,23-May-2016,Sub5_Trial521_0,0,1,1,44.367028,False,0.759
5,521,6,m,20,23-May-2016,Sub5_Trial521_0,0,2,2,130.218381,False,0.759
5,521,6,m,20,23-May-2016,Sub5_Trial521_0,0,3,3,11.338763,False,0.759
5,521,6,m,20,23-May-2016,Sub5_Trial521_0,0,4,4,51.735779,False,0.759
5,521,6,m,20,23-May-2016,Sub5_Trial521_0,0,5,5,-8.299416,False,0.759
5,521,6,m,20,23-May-2016,Sub5_Trial521_0,0,6,6,92.639948,False,0.759
5,521,6,m,20,23-May-2016,Sub5_Trial521_1,1,0,0,-16.459034,True,0.759
5,521,6,m,20,23-May-2016,Sub5_Trial521_1,1,1,1,-30.011727,True,0.759
5,521,6,m,20,23-May-2016,Sub5_Trial521_1,1,2,2,-30.248422,True,0.759
5,521,6,m,20,23-May-2016,Sub5_Trial521_1,1,3,3,-114.866066,True,0.759
5,521,6,m,20,23-May-2016,Sub5_Trial521_1,1,4,4,146.419517,True,0.759
5,521,6,m,20,23-May-2016,Sub5_Trial521_1,1,5,5,-53.30569,True,0.759
5,521,6,m,20,23-May-2016,Sub5_Trial521_1,1,6,6,-14.942549,True,0.759
5,522,6,m,20,23-May-2016,Sub5_Trial522_0,0,0,0,-14.022335,True,1.695
5,522,6,m,20,23-May-2016,Sub5_Trial522_0,0,1,1,-113.065353,True,1.695
5,522,6,m,20,23-May-2016,Sub5_Trial522_0,0,2,2,-110.445318,True,1.695
5,522,6,m,20,23-May-2016,Sub5_Trial522_0,0,3,3,31.778053999999997,True,1.695
5,522,6,m,20,23-May-2016,Sub5_Trial522_0,0,4,4,-25.907764,True,1.695
5,522,6,m,20,23-May-2016,Sub5_Trial522_0,0,5,5,68.29866,True,1.695
5,522,6,m,20,23-May-2016,Sub5_Trial522_0,0,6,6,49.452759,True,1.695
5,522,6,m,20,23-May-2016,Sub5_Trial522_1,1,0,0,79.687857,False,1.695
5,522,6,m,20,23-May-2016,Sub5_Trial522_1,1,1,1,2.9723490000000012,False,1.695
5,522,6,m,20,23-May-2016,Sub5_Trial522_1,1,2,2,-18.118075000000005,False,1.695
5,522,6,m,20,23-May-2016,Sub5_Trial522_1,1,3,3,-21.759697000000003,False,1.695
5,522,6,m,20,23-May-2016,Sub5_Trial522_1,1,4,4,-33.618666,False,1.695
5,522,6,m,20,23-May-2016,Sub5_Trial522_1,1,5,5,-7.749687999999999,False,1.695
5,522,6,m,20,23-May-2016,Sub5_Trial522_1,1,6,6,-46.28655599999999,False,1.695
5,523,6,m,20,23-May-2016,Sub5_Trial523_0,0,0,0,0.8882249999999985,False,2.346
5,523,6,m,20,23-May-2016,Sub5_Trial523_0,0,1,1,-1.8667230000000004,False,2.346
5,523,6,m,20,23-May-2016,Sub5_Trial523_0,0,2,2,-8.264415,False,2.346
5,523,6,m,20,23-May-2016,Sub5_Trial523_0,0,3,3,-55.747499,False,2.346
5,523,6,m,20,23-May-2016,Sub5_Trial523_0,0,4,4,10.6966,False,2.346
5,523,6,m,20,23-May-2016,Sub5_Trial523_0,0,5,5,-4.240818000000001,False,2.346
5,523,6,m,20,23-May-2016,Sub5_Trial523_0,0,6,6,65.87295,False,2.346
5,523,6,m,20,23-May-2016,Sub5_Trial523_1,1,0,0,19.32329,True,2.346
5,523,6,m,20,23-May-2016,Sub5_Trial523_1,1,1,1,58.706878,True,2.346
5,523,6,m,20,23-May-2016,Sub5_Trial523_1,1,2,2,39.178895,True,2.346
5,523,6,m,20,23-May-2016,Sub5_Trial523_1,1,3,3,-109.661291,True,2.346
5,523,6,m,20,23-May-2016,Sub5_Trial523_1,1,4,4,34.496224,True,2.346
5,523,6,m,20,23-May-2016,Sub5_Trial523_1,1,5,5,40.462143,True,2.346
5,523,6,m,20,23-May-2016,Sub5_Trial523_1,1,6,6,-58.613789999999995,True,2.346
5,524,6,m,20,23-May-2016,Sub5_Trial524_0,0,0,0,-143.586503,True,1.097
5,524,6,m,20,23-May-2016,Sub5_Trial524_0,0,1,1,102.409394,True,1.097
5,524,6,m,20,23-May-2016,Sub5_Trial524_0,0,2,2,52.400465999999994,True,1.097
5,524,6,m,20,23-May-2016,Sub5_Trial524_0,0,3,3,71.094293,True,1.097
5,524,6,m,20,23-May-2016,Sub5_Trial524_0,0,4,4,-72.601657,True,1.097
5,524,6,m,20,23-May-2016,Sub5_Trial524_0,0,5,5,14.065793999999997,True,1.097
5,524,6,m,20,23-May-2016,Sub5_Trial524_0,0,6,6,11.318648,True,1.097
5,524,6,m,20,23-May-2016,Sub5_Trial524_1,1,0,0,104.30418,False,1.097
5,524,6,m,20,23-May-2016,Sub5_Trial524_1,1,1,1,92.126297,False,1.097
5,524,6,m,20,23-May-2016,Sub5_Trial524_1,1,2,2,19.582499,False,1.097
5,524,6,m,20,23-May-2016,Sub5_Trial524_1,1,3,3,-91.387742,False,1.097
5,524,6,m,20,23-May-2016,Sub5_Trial524_1,1,4,4,-55.297653,False,1.097
5,524,6,m,20,23-May-2016,Sub5_Trial524_1,1,5,5,-31.098298,False,1.097
5,524,6,m,20,23-May-2016,Sub5_Trial524_1,1,6,6,-37.516104,False,1.097
5,525,6,m,20,23-May-2016,Sub5_Trial525_0,0,0,0,-3.8092000000000006,True,0.875
5,525,6,m,20,23-May-2016,Sub5_Trial525_0,0,1,1,-44.678305,True,0.875
5,525,6,m,20,23-May-2016,Sub5_Trial525_0,0,2,2,30.712527,True,0.875
5,525,6,m,20,23-May-2016,Sub5_Trial525_0,0,3,3,89.043408,True,0.875
5,525,6,m,20,23-May-2016,Sub5_Trial525_0,0,4,4,-44.693453,True,0.875
5,525,6,m,20,23-May-2016,Sub5_Trial525_0,0,5,5,74.529093,True,0.875
5,525,6,m,20,23-May-2016,Sub5_Trial525_0,0,6,6,-60.205788,True,0.875
5,525,6,m,20,23-May-2016,Sub5_Trial525_1,1,0,0,16.790724,False,0.875
5,525,6,m,20,23-May-2016,Sub5_Trial525_1,1,1,1,121.29645,False,0.875
5,525,6,m,20,23-May-2016,Sub5_Trial525_1,1,2,2,20.08144,False,0.875
5,525,6,m,20,23-May-2016,Sub5_Trial525_1,1,3,3,-11.185721999999998,False,0.875
5,525,6,m,20,23-May-2016,Sub5_Trial525_1,1,4,4,59.250977,False,0.875
5,525,6,m,20,23-May-2016,Sub5_Trial525_1,1,5,5,-4.276811000000002,False,0.875
5,525,6,m,20,23-May-2016,Sub5_Trial525_1,1,6,6,-104.346416,False,0.875
5,526,6,m,20,23-May-2016,Sub5_Trial526_0,0,0,0,108.936384,False,1.342
5,526,6,m,20,23-May-2016,Sub5_Trial526_0,0,1,1,-80.818322,False,1.342
5,526,6,m,20,23-May-2016,Sub5_Trial526_0,0,2,2,-67.744188,False,1.342
5,526,6,m,20,23-May-2016,Sub5_Trial526_0,0,3,3,-12.313657,False,1.342
5,526,6,m,20,23-May-2016,Sub5_Trial526_0,0,4,4,41.069104,False,1.342
5,526,6,m,20,23-May-2016,Sub5_Trial526_0,0,5,5,-123.19521800000001,False,1.342
5,526,6,m,20,23-May-2016,Sub5_Trial526_0,0,6,6,4.597505999999999,False,1.342
5,526,6,m,20,23-May-2016,Sub5_Trial526_1,1,0,0,15.657452,True,1.342
5,526,6,m,20,23-May-2016,Sub5_Trial526_1,1,1,1,-36.548411,True,1.342
5,526,6,m,20,23-May-2016,Sub5_Trial526_1,1,2,2,116.78985699999998,True,1.342
5,526,6,m,20,23-May-2016,Sub5_Trial526_1,1,3,3,48.098449,True,1.342
5,526,6,m,20,23-May-2016,Sub5_Trial526_1,1,4,4,-18.565467,True,1.342
5,526,6,m,20,23-May-2016,Sub5_Trial526_1,1,5,5,43.590281,True,1.342
5,526,6,m,20,23-May-2016,Sub5_Trial526_1,1,6,6,-29.745136,True,1.342
5,527,6,m,20,23-May-2016,Sub5_Trial527_0,0,0,0,29.445439,False,0.886
5,527,6,m,20,23-May-2016,Sub5_Trial527_0,0,1,1,-38.501196,False,0.886
5,527,6,m,20,23-May-2016,Sub5_Trial527_0,0,2,2,76.435765,False,0.886
5,527,6,m,20,23-May-2016,Sub5_Trial527_0,0,3,3,-64.49383,False,0.886
5,527,6,m,20,23-May-2016,Sub5_Trial527_0,0,4,4,-49.956362,False,0.886
5,527,6,m,20,23-May-2016,Sub5_Trial527_0,0,5,5,-6.268252,False,0.886
5,527,6,m,20,23-May-2016,Sub5_Trial527_0,0,6,6,41.576427,False,0.886
5,527,6,m,20,23-May-2016,Sub5_Trial527_1,1,0,0,36.774962,True,0.886
5,527,6,m,20,23-May-2016,Sub5_Trial527_1,1,1,1,42.927786,True,0.886
5,527,6,m,20,23-May-2016,Sub5_Trial527_1,1,2,2,-58.784355,True,0.886
5,527,6,m,20,23-May-2016,Sub5_Trial527_1,1,3,3,-56.231409,True,0.886
5,527,6,m,20,23-May-2016,Sub5_Trial527_1,1,4,4,34.784778,True,0.886
5,527,6,m,20,23-May-2016,Sub5_Trial527_1,1,5,5,26.055681,True,0.886
5,527,6,m,20,23-May-2016,Sub5_Trial527_1,1,6,6,14.697997,True,0.886
5,528,6,m,20,23-May-2016,Sub5_Trial528_0,0,0,0,-20.039451,False,0.769
5,528,6,m,20,23-May-2016,Sub5_Trial528_0,0,1,1,8.508091,False,0.769
5,528,6,m,20,23-May-2016,Sub5_Trial528_0,0,2,2,34.159047,False,0.769
5,528,6,m,20,23-May-2016,Sub5_Trial528_0,0,3,3,-33.092516,False,0.769
5,528,6,m,20,23-May-2016,Sub5_Trial528_0,0,4,4,60.620557,False,0.769
5,528,6,m,20,23-May-2016,Sub5_Trial528_0,0,5,5,10.904357,False,0.769
5,528,6,m,20,23-May-2016,Sub5_Trial528_0,0,6,6,41.600967,False,0.769
5,528,6,m,20,23-May-2016,Sub5_Trial528_1,1,0,0,-21.979283,True,0.769
5,528,6,m,20,23-May-2016,Sub5_Trial528_1,1,1,1,80.341508,True,0.769
5,528,6,m,20,23-May-2016,Sub5_Trial528_1,1,2,2,-37.128184,True,0.769
5,528,6,m,20,23-May-2016,Sub5_Trial528_1,1,3,3,-55.224369,True,0.769
5,528,6,m,20,23-May-2016,Sub5_Trial528_1,1,4,4,135.655281,True,0.769
5,528,6,m,20,23-May-2016,Sub5_Trial528_1,1,5,5,35.524132,True,0.769
5,528,6,m,20,23-May-2016,Sub5_Trial528_1,1,6,6,65.085319,True,0.769
5,529,6,m,20,23-May-2016,Sub5_Trial529_0,0,0,0,7.305714999999999,True,0.7
5,529,6,m,20,23-May-2016,Sub5_Trial529_0,0,1,1,-33.259934,True,0.7
5,529,6,m,20,23-May-2016,Sub5_Trial529_0,0,2,2,-36.421878,True,0.7
5,529,6,m,20,23-May-2016,Sub5_Trial529_0,0,3,3,18.953858,True,0.7
5,529,6,m,20,23-May-2016,Sub5_Trial529_0,0,4,4,-16.420789999999997,True,0.7
5,529,6,m,20,23-May-2016,Sub5_Trial529_0,0,5,5,52.05837,True,0.7
5,529,6,m,20,23-May-2016,Sub5_Trial529_0,0,6,6,10.272256,True,0.7
5,529,6,m,20,23-May-2016,Sub5_Trial529_1,1,0,0,124.095222,False,0.7
5,529,6,m,20,23-May-2016,Sub5_Trial529_1,1,1,1,-65.623314,False,0.7
5,529,6,m,20,23-May-2016,Sub5_Trial529_1,1,2,2,15.189722000000003,False,0.7
5,529,6,m,20,23-May-2016,Sub5_Trial529_1,1,3,3,59.871072,False,0.7
5,529,6,m,20,23-May-2016,Sub5_Trial529_1,1,4,4,-21.151846,False,0.7
5,529,6,m,20,23-May-2016,Sub5_Trial529_1,1,5,5,-57.834047,False,0.7
5,529,6,m,20,23-May-2016,Sub5_Trial529_1,1,6,6,72.090576,False,0.7
5,530,6,m,20,23-May-2016,Sub5_Trial530_0,0,0,0,-29.033867,False,0.706
5,530,6,m,20,23-May-2016,Sub5_Trial530_0,0,1,1,53.038739,False,0.706
5,530,6,m,20,23-May-2016,Sub5_Trial530_0,0,2,2,-4.162058000000002,False,0.706
5,530,6,m,20,23-May-2016,Sub5_Trial530_0,0,3,3,-27.741415000000003,False,0.706
5,530,6,m,20,23-May-2016,Sub5_Trial530_0,0,4,4,14.301369,False,0.706
5,530,6,m,20,23-May-2016,Sub5_Trial530_0,0,5,5,39.882595,False,0.706
5,530,6,m,20,23-May-2016,Sub5_Trial530_0,0,6,6,108.372522,False,0.706
5,530,6,m,20,23-May-2016,Sub5_Trial530_1,1,0,0,-71.113324,True,0.706
5,530,6,m,20,23-May-2016,Sub5_Trial530_1,1,1,1,-19.99069,True,0.706
5,530,6,m,20,23-May-2016,Sub5_Trial530_1,1,2,2,105.432402,True,0.706
5,530,6,m,20,23-May-2016,Sub5_Trial530_1,1,3,3,31.315275,True,0.706
5,530,6,m,20,23-May-2016,Sub5_Trial530_1,1,4,4,62.953033000000005,True,0.706
5,530,6,m,20,23-May-2016,Sub5_Trial530_1,1,5,5,-14.149856,True,0.706
5,530,6,m,20,23-May-2016,Sub5_Trial530_1,1,6,6,17.698139999999995,True,0.706
5,531,6,m,20,23-May-2016,Sub5_Trial531_0,0,0,0,-81.258739,False,0.61
5,531,6,m,20,23-May-2016,Sub5_Trial531_0,0,1,1,-109.495243,False,0.61
5,531,6,m,20,23-May-2016,Sub5_Trial531_0,0,2,2,-51.105857,False,0.61
5,531,6,m,20,23-May-2016,Sub5_Trial531_0,0,3,3,9.938946999999999,False,0.61
5,531,6,m,20,23-May-2016,Sub5_Trial531_0,0,4,4,-3.7963179999999994,False,0.61
5,531,6,m,20,23-May-2016,Sub5_Trial531_0,0,5,5,-28.451066,False,0.61
5,531,6,m,20,23-May-2016,Sub5_Trial531_0,0,6,6,-75.800661,False,0.61
5,531,6,m,20,23-May-2016,Sub5_Trial531_1,1,0,0,-26.93848,True,0.61
5,531,6,m,20,23-May-2016,Sub5_Trial531_1,1,1,1,-53.555819,True,0.61
5,531,6,m,20,23-May-2016,Sub5_Trial531_1,1,2,2,-137.691094,True,0.61
5,531,6,m,20,23-May-2016,Sub5_Trial531_1,1,3,3,30.352477,True,0.61
5,531,6,m,20,23-May-2016,Sub5_Trial531_1,1,4,4,-15.031838999999998,True,0.61
5,531,6,m,20,23-May-2016,Sub5_Trial531_1,1,5,5,40.593373,True,0.61
5,531,6,m,20,23-May-2016,Sub5_Trial531_1,1,6,6,128.462834,True,0.61
5,532,6,m,20,23-May-2016,Sub5_Trial532_0,0,0,0,24.680196,False,0.711
5,532,6,m,20,23-May-2016,Sub5_Trial532_0,0,1,1,-36.111389,False,0.711
5,532,6,m,20,23-May-2016,Sub5_Trial532_0,0,2,2,-40.094426,False,0.711
5,532,6,m,20,23-May-2016,Sub5_Trial532_0,0,3,3,-8.622242,False,0.711
5,532,6,m,20,23-May-2016,Sub5_Trial532_0,0,4,4,-25.889382999999995,False,0.711
5,532,6,m,20,23-May-2016,Sub5_Trial532_0,0,5,5,54.751702,False,0.711
5,532,6,m,20,23-May-2016,Sub5_Trial532_0,0,6,6,-80.270397,False,0.711
5,532,6,m,20,23-May-2016,Sub5_Trial532_1,1,0,0,50.14887999999999,True,0.711
5,532,6,m,20,23-May-2016,Sub5_Trial532_1,1,1,1,61.165503,True,0.711
5,532,6,m,20,23-May-2016,Sub5_Trial532_1,1,2,2,18.721599999999995,True,0.711
5,532,6,m,20,23-May-2016,Sub5_Trial532_1,1,3,3,111.72861,True,0.711
5,532,6,m,20,23-May-2016,Sub5_Trial532_1,1,4,4,-68.740793,True,0.711
5,532,6,m,20,23-May-2016,Sub5_Trial532_1,1,5,5,31.587922,True,0.711
5,532,6,m,20,23-May-2016,Sub5_Trial532_1,1,6,6,98.796963,True,0.711
5,533,6,m,20,23-May-2016,Sub5_Trial533_0,0,0,0,-66.49913,True,1.062
5,533,6,m,20,23-May-2016,Sub5_Trial533_0,0,1,1,18.534845,True,1.062
5,533,6,m,20,23-May-2016,Sub5_Trial533_0,0,2,2,-15.755038999999996,True,1.062
5,533,6,m,20,23-May-2016,Sub5_Trial533_0,0,3,3,48.32872,True,1.062
5,533,6,m,20,23-May-2016,Sub5_Trial533_0,0,4,4,48.293178,True,1.062
5,533,6,m,20,23-May-2016,Sub5_Trial533_0,0,5,5,77.927289,True,1.062
5,533,6,m,20,23-May-2016,Sub5_Trial533_0,0,6,6,77.339158,True,1.062
5,533,6,m,20,23-May-2016,Sub5_Trial533_1,1,0,0,-146.548851,False,1.062
5,533,6,m,20,23-May-2016,Sub5_Trial533_1,1,1,1,-79.608899,False,1.062
5,533,6,m,20,23-May-2016,Sub5_Trial533_1,1,2,2,-73.432614,False,1.062
5,533,6,m,20,23-May-2016,Sub5_Trial533_1,1,3,3,-37.576505,False,1.062
5,533,6,m,20,23-May-2016,Sub5_Trial533_1,1,4,4,18.170536999999996,False,1.062
5,533,6,m,20,23-May-2016,Sub5_Trial533_1,1,5,5,-11.508422,False,1.062
5,533,6,m,20,23-May-2016,Sub5_Trial533_1,1,6,6,16.738614,False,1.062
5,534,6,m,20,23-May-2016,Sub5_Trial534_0,0,0,0,-59.108661,True,0.671
5,534,6,m,20,23-May-2016,Sub5_Trial534_0,0,1,1,-25.319512,True,0.671
5,534,6,m,20,23-May-2016,Sub5_Trial534_0,0,2,2,64.457863,True,0.671
5,534,6,m,20,23-May-2016,Sub5_Trial534_0,0,3,3,2.750235,True,0.671
5,534,6,m,20,23-May-2016,Sub5_Trial534_0,0,4,4,-12.454653,True,0.671
5,534,6,m,20,23-May-2016,Sub5_Trial534_0,0,5,5,29.33992,True,0.671
5,534,6,m,20,23-May-2016,Sub5_Trial534_0,0,6,6,-21.408929,True,0.671
5,534,6,m,20,23-May-2016,Sub5_Trial534_1,1,0,0,-76.954982,False,0.671
5,534,6,m,20,23-May-2016,Sub5_Trial534_1,1,1,1,-86.537397,False,0.671
5,534,6,m,20,23-May-2016,Sub5_Trial534_1,1,2,2,-7.081457,False,0.671
5,534,6,m,20,23-May-2016,Sub5_Trial534_1,1,3,3,-139.816545,False,0.671
5,534,6,m,20,23-May-2016,Sub5_Trial534_1,1,4,4,27.705286,False,0.671
5,534,6,m,20,23-May-2016,Sub5_Trial534_1,1,5,5,-102.056865,False,0.671
5,534,6,m,20,23-May-2016,Sub5_Trial534_1,1,6,6,-17.048609,False,0.671
5,535,6,m,20,23-May-2016,Sub5_Trial535_0,0,0,0,-33.038699,False,2.237
5,535,6,m,20,23-May-2016,Sub5_Trial535_0,0,1,1,-21.084074,False,2.237
5,535,6,m,20,23-May-2016,Sub5_Trial535_0,0,2,2,-22.314022,False,2.237
5,535,6,m,20,23-May-2016,Sub5_Trial535_0,0,3,3,1.8819370000000006,False,2.237
5,535,6,m,20,23-May-2016,Sub5_Trial535_0,0,4,4,-8.46236,False,2.237
5,535,6,m,20,23-May-2016,Sub5_Trial535_0,0,5,5,-11.197533999999997,False,2.237
5,535,6,m,20,23-May-2016,Sub5_Trial535_0,0,6,6,-36.98045,False,2.237
5,535,6,m,20,23-May-2016,Sub5_Trial535_1,1,0,0,-22.630327,True,2.237
5,535,6,m,20,23-May-2016,Sub5_Trial535_1,1,1,1,70.520762,True,2.237
5,535,6,m,20,23-May-2016,Sub5_Trial535_1,1,2,2,-25.975875,True,2.237
5,535,6,m,20,23-May-2016,Sub5_Trial535_1,1,3,3,30.940511,True,2.237
5,535,6,m,20,23-May-2016,Sub5_Trial535_1,1,4,4,39.831155,True,2.237
5,535,6,m,20,23-May-2016,Sub5_Trial535_1,1,5,5,29.619597,True,2.237
5,535,6,m,20,23-May-2016,Sub5_Trial535_1,1,6,6,56.359493,True,2.237
5,536,6,m,20,23-May-2016,Sub5_Trial536_0,0,0,0,-81.307457,True,0.819
5,536,6,m,20,23-May-2016,Sub5_Trial536_0,0,1,1,59.721567,True,0.819
5,536,6,m,20,23-May-2016,Sub5_Trial536_0,0,2,2,-4.303062000000001,True,0.819
5,536,6,m,20,23-May-2016,Sub5_Trial536_0,0,3,3,-6.498629999999999,True,0.819
5,536,6,m,20,23-May-2016,Sub5_Trial536_0,0,4,4,32.526187,True,0.819
5,536,6,m,20,23-May-2016,Sub5_Trial536_0,0,5,5,22.313747,True,0.819
5,536,6,m,20,23-May-2016,Sub5_Trial536_0,0,6,6,-19.090495000000004,True,0.819
5,536,6,m,20,23-May-2016,Sub5_Trial536_1,1,0,0,50.778908,False,0.819
5,536,6,m,20,23-May-2016,Sub5_Trial536_1,1,1,1,22.254125000000002,False,0.819
5,536,6,m,20,23-May-2016,Sub5_Trial536_1,1,2,2,-49.888739,False,0.819
5,536,6,m,20,23-May-2016,Sub5_Trial536_1,1,3,3,79.777206,False,0.819
5,536,6,m,20,23-May-2016,Sub5_Trial536_1,1,4,4,42.527804,False,0.819
5,536,6,m,20,23-May-2016,Sub5_Trial536_1,1,5,5,-96.154702,False,0.819
5,536,6,m,20,23-May-2016,Sub5_Trial536_1,1,6,6,-62.092341,False,0.819
5,537,6,m,20,23-May-2016,Sub5_Trial537_0,0,0,0,-26.624730999999997,False,1.525
5,537,6,m,20,23-May-2016,Sub5_Trial537_0,0,1,1,8.564696,False,1.525
5,537,6,m,20,23-May-2016,Sub5_Trial537_0,0,2,2,-146.561048,False,1.525
5,537,6,m,20,23-May-2016,Sub5_Trial537_0,0,3,3,105.565445,False,1.525
5,537,6,m,20,23-May-2016,Sub5_Trial537_0,0,4,4,28.671077,False,1.525
5,537,6,m,20,23-May-2016,Sub5_Trial537_0,0,5,5,-22.232636,False,1.525
5,537,6,m,20,23-May-2016,Sub5_Trial537_0,0,6,6,-1.2665590000000009,False,1.525
5,537,6,m,20,23-May-2016,Sub5_Trial537_1,1,0,0,11.276715,True,1.525
5,537,6,m,20,23-May-2016,Sub5_Trial537_1,1,1,1,101.880993,True,1.525
5,537,6,m,20,23-May-2016,Sub5_Trial537_1,1,2,2,13.851289000000001,True,1.525
5,537,6,m,20,23-May-2016,Sub5_Trial537_1,1,3,3,101.927308,True,1.525
5,537,6,m,20,23-May-2016,Sub5_Trial537_1,1,4,4,-43.339932,True,1.525
5,537,6,m,20,23-May-2016,Sub5_Trial537_1,1,5,5,66.614695,True,1.525
5,537,6,m,20,23-May-2016,Sub5_Trial537_1,1,6,6,-66.335579,True,1.525
5,538,6,m,20,23-May-2016,Sub5_Trial538_0,0,0,0,68.908019,True,3.993
5,538,6,m,20,23-May-2016,Sub5_Trial538_0,0,1,1,72.696082,True,3.993
5,538,6,m,20,23-May-2016,Sub5_Trial538_0,0,2,2,78.779886,True,3.993
5,538,6,m,20,23-May-2016,Sub5_Trial538_0,0,3,3,-51.638633,True,3.993
5,538,6,m,20,23-May-2016,Sub5_Trial538_0,0,4,4,-20.891724,True,3.993
5,538,6,m,20,23-May-2016,Sub5_Trial538_0,0,5,5,-5.556128000000001,True,3.993
5,538,6,m,20,23-May-2016,Sub5_Trial538_0,0,6,6,-81.157692,True,3.993
5,538,6,m,20,23-May-2016,Sub5_Trial538_1,1,0,0,-20.341682,False,3.993
5,538,6,m,20,23-May-2016,Sub5_Trial538_1,1,1,1,1.7600429999999996,False,3.993
5,538,6,m,20,23-May-2016,Sub5_Trial538_1,1,2,2,-13.606693,False,3.993
5,538,6,m,20,23-May-2016,Sub5_Trial538_1,1,3,3,116.36076,False,3.993
5,538,6,m,20,23-May-2016,Sub5_Trial538_1,1,4,4,-47.90439000000001,False,3.993
5,538,6,m,20,23-May-2016,Sub5_Trial538_1,1,5,5,13.546557,False,3.993
5,538,6,m,20,23-May-2016,Sub5_Trial538_1,1,6,6,14.198963,False,3.993
5,539,6,m,20,23-May-2016,Sub5_Trial539_0,0,0,0,-28.051168,True,0.574
5,539,6,m,20,23-May-2016,Sub5_Trial539_0,0,1,1,76.7985,True,0.574
5,539,6,m,20,23-May-2016,Sub5_Trial539_0,0,2,2,-100.831055,True,0.574
5,539,6,m,20,23-May-2016,Sub5_Trial539_0,0,3,3,-32.435542,True,0.574
5,539,6,m,20,23-May-2016,Sub5_Trial539_0,0,4,4,125.179957,True,0.574
5,539,6,m,20,23-May-2016,Sub5_Trial539_0,0,5,5,124.142776,True,0.574
5,539,6,m,20,23-May-2016,Sub5_Trial539_0,0,6,6,5.521761999999999,True,0.574
5,539,6,m,20,23-May-2016,Sub5_Trial539_1,1,0,0,2.192077000000001,False,0.574
5,539,6,m,20,23-May-2016,Sub5_Trial539_1,1,1,1,41.577763,False,0.574
5,539,6,m,20,23-May-2016,Sub5_Trial539_1,1,2,2,-4.673791000000001,False,0.574
5,539,6,m,20,23-May-2016,Sub5_Trial539_1,1,3,3,-25.044669999999996,False,0.574
5,539,6,m,20,23-May-2016,Sub5_Trial539_1,1,4,4,8.627211,False,0.574
5,539,6,m,20,23-May-2016,Sub5_Trial539_1,1,5,5,-45.266395,False,0.574
5,539,6,m,20,23-May-2016,Sub5_Trial539_1,1,6,6,-74.740756,False,0.574
5,540,6,m,20,23-May-2016,Sub5_Trial540_0,0,0,0,69.587962,True,0.523
5,540,6,m,20,23-May-2016,Sub5_Trial540_0,0,1,1,77.779834,True,0.523
5,540,6,m,20,23-May-2016,Sub5_Trial540_0,0,2,2,7.193308000000002,True,0.523
5,540,6,m,20,23-May-2016,Sub5_Trial540_0,0,3,3,-3.8479460000000003,True,0.523
5,540,6,m,20,23-May-2016,Sub5_Trial540_0,0,4,4,40.063083,True,0.523
5,540,6,m,20,23-May-2016,Sub5_Trial540_0,0,5,5,83.450495,True,0.523
5,540,6,m,20,23-May-2016,Sub5_Trial540_0,0,6,6,86.161288,True,0.523
5,540,6,m,20,23-May-2016,Sub5_Trial540_1,1,0,0,52.958689,False,0.523
5,540,6,m,20,23-May-2016,Sub5_Trial540_1,1,1,1,-15.644669,False,0.523
5,540,6,m,20,23-May-2016,Sub5_Trial540_1,1,2,2,22.118301,False,0.523
5,540,6,m,20,23-May-2016,Sub5_Trial540_1,1,3,3,69.317896,False,0.523
5,540,6,m,20,23-May-2016,Sub5_Trial540_1,1,4,4,18.234028,False,0.523
5,540,6,m,20,23-May-2016,Sub5_Trial540_1,1,5,5,20.300872,False,0.523
5,540,6,m,20,23-May-2016,Sub5_Trial540_1,1,6,6,-32.935046,False,0.523
5,541,6,m,20,23-May-2016,Sub5_Trial541_0,0,0,0,0.9271409999999989,False,1.349
5,541,6,m,20,23-May-2016,Sub5_Trial541_0,0,1,1,-24.946056999999996,False,1.349
5,541,6,m,20,23-May-2016,Sub5_Trial541_0,0,2,2,-39.556601,False,1.349
5,541,6,m,20,23-May-2016,Sub5_Trial541_0,0,3,3,105.11346,False,1.349
5,541,6,m,20,23-May-2016,Sub5_Trial541_0,0,4,4,-102.34341,False,1.349
5,541,6,m,20,23-May-2016,Sub5_Trial541_0,0,5,5,118.682235,False,1.349
5,541,6,m,20,23-May-2016,Sub5_Trial541_0,0,6,6,-61.617058,False,1.349
5,541,6,m,20,23-May-2016,Sub5_Trial541_1,1,0,0,54.52502799999999,True,1.349
5,541,6,m,20,23-May-2016,Sub5_Trial541_1,1,1,1,81.355343,True,1.349
5,541,6,m,20,23-May-2016,Sub5_Trial541_1,1,2,2,74.479559,True,1.349
5,541,6,m,20,23-May-2016,Sub5_Trial541_1,1,3,3,47.41064900000001,True,1.349
5,541,6,m,20,23-May-2016,Sub5_Trial541_1,1,4,4,-4.587669999999999,True,1.349
5,541,6,m,20,23-May-2016,Sub5_Trial541_1,1,5,5,86.482577,True,1.349
5,541,6,m,20,23-May-2016,Sub5_Trial541_1,1,6,6,25.900897,True,1.349
5,542,6,m,20,23-May-2016,Sub5_Trial542_0,0,0,0,78.56403,True,0.663
5,542,6,m,20,23-May-2016,Sub5_Trial542_0,0,1,1,71.605568,True,0.663
5,542,6,m,20,23-May-2016,Sub5_Trial542_0,0,2,2,-94.401872,True,0.663
5,542,6,m,20,23-May-2016,Sub5_Trial542_0,0,3,3,17.301837,True,0.663
5,542,6,m,20,23-May-2016,Sub5_Trial542_0,0,4,4,16.309564,True,0.663
5,542,6,m,20,23-May-2016,Sub5_Trial542_0,0,5,5,67.156929,True,0.663
5,542,6,m,20,23-May-2016,Sub5_Trial542_0,0,6,6,-5.026160000000001,True,0.663
5,542,6,m,20,23-May-2016,Sub5_Trial542_1,1,0,0,46.836545,False,0.663
5,542,6,m,20,23-May-2016,Sub5_Trial542_1,1,1,1,-35.694107,False,0.663
5,542,6,m,20,23-May-2016,Sub5_Trial542_1,1,2,2,79.545893,False,0.663
5,542,6,m,20,23-May-2016,Sub5_Trial542_1,1,3,3,74.778118,False,0.663
5,542,6,m,20,23-May-2016,Sub5_Trial542_1,1,4,4,145.144979,False,0.663
5,542,6,m,20,23-May-2016,Sub5_Trial542_1,1,5,5,23.12611,False,0.663
5,542,6,m,20,23-May-2016,Sub5_Trial542_1,1,6,6,-151.162767,False,0.663
5,543,6,m,20,23-May-2016,Sub5_Trial543_0,0,0,0,-43.685648,True,0.683
5,543,6,m,20,23-May-2016,Sub5_Trial543_0,0,1,1,112.19840099999999,True,0.683
5,543,6,m,20,23-May-2016,Sub5_Trial543_0,0,2,2,119.839539,True,0.683
5,543,6,m,20,23-May-2016,Sub5_Trial543_0,0,3,3,131.708436,True,0.683
5,543,6,m,20,23-May-2016,Sub5_Trial543_0,0,4,4,-51.341263,True,0.683
5,543,6,m,20,23-May-2016,Sub5_Trial543_0,0,5,5,25.061369,True,0.683
5,543,6,m,20,23-May-2016,Sub5_Trial543_0,0,6,6,-85.757112,True,0.683
5,543,6,m,20,23-May-2016,Sub5_Trial543_1,1,0,0,4.251764999999999,False,0.683
5,543,6,m,20,23-May-2016,Sub5_Trial543_1,1,1,1,55.774191,False,0.683
5,543,6,m,20,23-May-2016,Sub5_Trial543_1,1,2,2,-130.92874,False,0.683
5,543,6,m,20,23-May-2016,Sub5_Trial543_1,1,3,3,47.59182,False,0.683
5,543,6,m,20,23-May-2016,Sub5_Trial543_1,1,4,4,15.807341,False,0.683
5,543,6,m,20,23-May-2016,Sub5_Trial543_1,1,5,5,8.814352,False,0.683
5,543,6,m,20,23-May-2016,Sub5_Trial543_1,1,6,6,74.993506,False,0.683
5,544,6,m,20,23-May-2016,Sub5_Trial544_0,0,0,0,44.342854,True,1.003
5,544,6,m,20,23-May-2016,Sub5_Trial544_0,0,1,1,-118.863698,True,1.003
5,544,6,m,20,23-May-2016,Sub5_Trial544_0,0,2,2,7.234448,True,1.003
5,544,6,m,20,23-May-2016,Sub5_Trial544_0,0,3,3,19.933056,True,1.003
5,544,6,m,20,23-May-2016,Sub5_Trial544_0,0,4,4,3.7015980000000006,True,1.003
5,544,6,m,20,23-May-2016,Sub5_Trial544_0,0,5,5,150.107631,True,1.003
5,544,6,m,20,23-May-2016,Sub5_Trial544_0,0,6,6,-43.764164,True,1.003
5,544,6,m,20,23-May-2016,Sub5_Trial544_1,1,0,0,-69.362935,False,1.003
5,544,6,m,20,23-May-2016,Sub5_Trial544_1,1,1,1,-17.59689,False,1.003
5,544,6,m,20,23-May-2016,Sub5_Trial544_1,1,2,2,-28.126896,False,1.003
5,544,6,m,20,23-May-2016,Sub5_Trial544_1,1,3,3,-3.129097999999999,False,1.003
5,544,6,m,20,23-May-2016,Sub5_Trial544_1,1,4,4,17.997704999999996,False,1.003
5,544,6,m,20,23-May-2016,Sub5_Trial544_1,1,5,5,47.536452,False,1.003
5,544,6,m,20,23-May-2016,Sub5_Trial544_1,1,6,6,-126.808542,False,1.003
5,545,6,m,20,23-May-2016,Sub5_Trial545_0,0,0,0,-68.554539,True,0.563
5,545,6,m,20,23-May-2016,Sub5_Trial545_0,0,1,1,-113.558079,True,0.563
5,545,6,m,20,23-May-2016,Sub5_Trial545_0,0,2,2,-55.738593,True,0.563
5,545,6,m,20,23-May-2016,Sub5_Trial545_0,0,3,3,-46.234603,True,0.563
5,545,6,m,20,23-May-2016,Sub5_Trial545_0,0,4,4,-47.499871,True,0.563
5,545,6,m,20,23-May-2016,Sub5_Trial545_0,0,5,5,-3.4994750000000003,True,0.563
5,545,6,m,20,23-May-2016,Sub5_Trial545_0,0,6,6,-110.774301,True,0.563
5,545,6,m,20,23-May-2016,Sub5_Trial545_1,1,0,0,28.422457,False,0.563
5,545,6,m,20,23-May-2016,Sub5_Trial545_1,1,1,1,86.498117,False,0.563
5,545,6,m,20,23-May-2016,Sub5_Trial545_1,1,2,2,-68.800432,False,0.563
5,545,6,m,20,23-May-2016,Sub5_Trial545_1,1,3,3,135.198272,False,0.563
5,545,6,m,20,23-May-2016,Sub5_Trial545_1,1,4,4,-56.518013999999994,False,0.563
5,545,6,m,20,23-May-2016,Sub5_Trial545_1,1,5,5,-142.426841,False,0.563
5,545,6,m,20,23-May-2016,Sub5_Trial545_1,1,6,6,6.430987,False,0.563
5,546,6,m,20,23-May-2016,Sub5_Trial546_0,0,0,0,-34.65206,True,0.649
5,546,6,m,20,23-May-2016,Sub5_Trial546_0,0,1,1,-98.359624,True,0.649
5,546,6,m,20,23-May-2016,Sub5_Trial546_0,0,2,2,4.488596000000001,True,0.649
5,546,6,m,20,23-May-2016,Sub5_Trial546_0,0,3,3,15.929129000000003,True,0.649
5,546,6,m,20,23-May-2016,Sub5_Trial546_0,0,4,4,77.019947,True,0.649
5,546,6,m,20,23-May-2016,Sub5_Trial546_0,0,5,5,4.110896,True,0.649
5,546,6,m,20,23-May-2016,Sub5_Trial546_0,0,6,6,8.203073,True,0.649
5,546,6,m,20,23-May-2016,Sub5_Trial546_1,1,0,0,49.768894,False,0.649
5,546,6,m,20,23-May-2016,Sub5_Trial546_1,1,1,1,-12.920383999999999,False,0.649
5,546,6,m,20,23-May-2016,Sub5_Trial546_1,1,2,2,54.418817,False,0.649
5,546,6,m,20,23-May-2016,Sub5_Trial546_1,1,3,3,18.31867,False,0.649
5,546,6,m,20,23-May-2016,Sub5_Trial546_1,1,4,4,5.888285,False,0.649
5,546,6,m,20,23-May-2016,Sub5_Trial546_1,1,5,5,-54.20093700000001,False,0.649
5,546,6,m,20,23-May-2016,Sub5_Trial546_1,1,6,6,64.730749,False,0.649
5,547,6,m,20,23-May-2016,Sub5_Trial547_0,0,0,0,-51.404289,True,1.07
5,547,6,m,20,23-May-2016,Sub5_Trial547_0,0,1,1,-46.166491,True,1.07
5,547,6,m,20,23-May-2016,Sub5_Trial547_0,0,2,2,-22.735353,True,1.07
5,547,6,m,20,23-May-2016,Sub5_Trial547_0,0,3,3,138.464299,True,1.07
5,547,6,m,20,23-May-2016,Sub5_Trial547_0,0,4,4,2.1377689999999987,True,1.07
5,547,6,m,20,23-May-2016,Sub5_Trial547_0,0,5,5,12.882075,True,1.07
5,547,6,m,20,23-May-2016,Sub5_Trial547_0,0,6,6,34.859918,True,1.07
5,547,6,m,20,23-May-2016,Sub5_Trial547_1,1,0,0,9.41342,False,1.07
5,547,6,m,20,23-May-2016,Sub5_Trial547_1,1,1,1,127.099515,False,1.07
5,547,6,m,20,23-May-2016,Sub5_Trial547_1,1,2,2,-35.846454,False,1.07
5,547,6,m,20,23-May-2016,Sub5_Trial547_1,1,3,3,20.230392,False,1.07
5,547,6,m,20,23-May-2016,Sub5_Trial547_1,1,4,4,-86.021211,False,1.07
5,547,6,m,20,23-May-2016,Sub5_Trial547_1,1,5,5,33.400643,False,1.07
5,547,6,m,20,23-May-2016,Sub5_Trial547_1,1,6,6,-40.570602,False,1.07
5,548,6,m,20,23-May-2016,Sub5_Trial548_0,0,0,0,-92.341855,False,1.238
5,548,6,m,20,23-May-2016,Sub5_Trial548_0,0,1,1,118.092497,False,1.238
5,548,6,m,20,23-May-2016,Sub5_Trial548_0,0,2,2,65.767559,False,1.238
5,548,6,m,20,23-May-2016,Sub5_Trial548_0,0,3,3,98.116541,False,1.238
5,548,6,m,20,23-May-2016,Sub5_Trial548_0,0,4,4,-71.945955,False,1.238
5,548,6,m,20,23-May-2016,Sub5_Trial548_0,0,5,5,-53.50772499999999,False,1.238
5,548,6,m,20,23-May-2016,Sub5_Trial548_0,0,6,6,-16.894188,False,1.238
5,548,6,m,20,23-May-2016,Sub5_Trial548_1,1,0,0,-5.564492000000001,True,1.238
5,548,6,m,20,23-May-2016,Sub5_Trial548_1,1,1,1,-94.107842,True,1.238
5,548,6,m,20,23-May-2016,Sub5_Trial548_1,1,2,2,-31.399981,True,1.238
5,548,6,m,20,23-May-2016,Sub5_Trial548_1,1,3,3,-28.407946,True,1.238
5,548,6,m,20,23-May-2016,Sub5_Trial548_1,1,4,4,94.510132,True,1.238
5,548,6,m,20,23-May-2016,Sub5_Trial548_1,1,5,5,-11.090327,True,1.238
5,548,6,m,20,23-May-2016,Sub5_Trial548_1,1,6,6,-46.971033,True,1.238
5,549,6,m,20,23-May-2016,Sub5_Trial549_0,0,0,0,-110.692062,True,0.661
5,549,6,m,20,23-May-2016,Sub5_Trial549_0,0,1,1,-41.959783,True,0.661
5,549,6,m,20,23-May-2016,Sub5_Trial549_0,0,2,2,48.30624900000001,True,0.661
5,549,6,m,20,23-May-2016,Sub5_Trial549_0,0,3,3,-91.197593,True,0.661
5,549,6,m,20,23-May-2016,Sub5_Trial549_0,0,4,4,128.987219,True,0.661
5,549,6,m,20,23-May-2016,Sub5_Trial549_0,0,5,5,-25.941922,True,0.661
5,549,6,m,20,23-May-2016,Sub5_Trial549_0,0,6,6,-66.156535,True,0.661
5,549,6,m,20,23-May-2016,Sub5_Trial549_1,1,0,0,0.4503130000000013,False,0.661
5,549,6,m,20,23-May-2016,Sub5_Trial549_1,1,1,1,-7.770790999999999,False,0.661
5,549,6,m,20,23-May-2016,Sub5_Trial549_1,1,2,2,-113.002329,False,0.661
5,549,6,m,20,23-May-2016,Sub5_Trial549_1,1,3,3,95.061444,False,0.661
5,549,6,m,20,23-May-2016,Sub5_Trial549_1,1,4,4,60.043578,False,0.661
5,549,6,m,20,23-May-2016,Sub5_Trial549_1,1,5,5,-38.346955,False,0.661
5,549,6,m,20,23-May-2016,Sub5_Trial549_1,1,6,6,8.159388,False,0.661
5,550,6,m,20,23-May-2016,Sub5_Trial550_0,0,0,0,-52.81529499999999,True,3.147
5,550,6,m,20,23-May-2016,Sub5_Trial550_0,0,1,1,-1.9373250000000013,True,3.147
5,550,6,m,20,23-May-2016,Sub5_Trial550_0,0,2,2,106.306404,True,3.147
5,550,6,m,20,23-May-2016,Sub5_Trial550_0,0,3,3,-24.731615000000005,True,3.147
5,550,6,m,20,23-May-2016,Sub5_Trial550_0,0,4,4,15.488348,True,3.147
5,550,6,m,20,23-May-2016,Sub5_Trial550_0,0,5,5,-12.482596000000001,True,3.147
5,550,6,m,20,23-May-2016,Sub5_Trial550_0,0,6,6,-9.766562,True,3.147
5,550,6,m,20,23-May-2016,Sub5_Trial550_1,1,0,0,-89.053016,False,3.147
5,550,6,m,20,23-May-2016,Sub5_Trial550_1,1,1,1,47.153662,False,3.147
5,550,6,m,20,23-May-2016,Sub5_Trial550_1,1,2,2,24.041609,False,3.147
5,550,6,m,20,23-May-2016,Sub5_Trial550_1,1,3,3,104.680058,False,3.147
5,550,6,m,20,23-May-2016,Sub5_Trial550_1,1,4,4,-94.581037,False,3.147
5,550,6,m,20,23-May-2016,Sub5_Trial550_1,1,5,5,-62.139071,False,3.147
5,550,6,m,20,23-May-2016,Sub5_Trial550_1,1,6,6,-29.618017,False,3.147
5,551,6,m,20,23-May-2016,Sub5_Trial551_0,0,0,0,-94.205488,False,0.651
5,551,6,m,20,23-May-2016,Sub5_Trial551_0,0,1,1,111.409794,False,0.651
5,551,6,m,20,23-May-2016,Sub5_Trial551_0,0,2,2,-89.281063,False,0.651
5,551,6,m,20,23-May-2016,Sub5_Trial551_0,0,3,3,-33.03441,False,0.651
5,551,6,m,20,23-May-2016,Sub5_Trial551_0,0,4,4,24.897706,False,0.651
5,551,6,m,20,23-May-2016,Sub5_Trial551_0,0,5,5,-104.27838,False,0.651
5,551,6,m,20,23-May-2016,Sub5_Trial551_0,0,6,6,28.577176,False,0.651
5,551,6,m,20,23-May-2016,Sub5_Trial551_1,1,0,0,38.756847,True,0.651
5,551,6,m,20,23-May-2016,Sub5_Trial551_1,1,1,1,8.253995,True,0.651
5,551,6,m,20,23-May-2016,Sub5_Trial551_1,1,2,2,-37.275169,True,0.651
5,551,6,m,20,23-May-2016,Sub5_Trial551_1,1,3,3,-13.079889999999999,True,0.651
5,551,6,m,20,23-May-2016,Sub5_Trial551_1,1,4,4,66.563874,True,0.651
5,551,6,m,20,23-May-2016,Sub5_Trial551_1,1,5,5,17.396498,True,0.651
5,551,6,m,20,23-May-2016,Sub5_Trial551_1,1,6,6,59.588792,True,0.651
5,552,6,m,20,23-May-2016,Sub5_Trial552_0,0,0,0,3.5820289999999986,True,1.211
5,552,6,m,20,23-May-2016,Sub5_Trial552_0,0,1,1,-2.1626590000000014,True,1.211
5,552,6,m,20,23-May-2016,Sub5_Trial552_0,0,2,2,-9.286752999999997,True,1.211
5,552,6,m,20,23-May-2016,Sub5_Trial552_0,0,3,3,39.60018,True,1.211
5,552,6,m,20,23-May-2016,Sub5_Trial552_0,0,4,4,49.770198,True,1.211
5,552,6,m,20,23-May-2016,Sub5_Trial552_0,0,5,5,57.985506,True,1.211
5,552,6,m,20,23-May-2016,Sub5_Trial552_0,0,6,6,88.354903,True,1.211
5,552,6,m,20,23-May-2016,Sub5_Trial552_1,1,0,0,-11.302784,False,1.211
5,552,6,m,20,23-May-2016,Sub5_Trial552_1,1,1,1,13.366608,False,1.211
5,552,6,m,20,23-May-2016,Sub5_Trial552_1,1,2,2,12.558889,False,1.211
5,552,6,m,20,23-May-2016,Sub5_Trial552_1,1,3,3,-32.953311,False,1.211
5,552,6,m,20,23-May-2016,Sub5_Trial552_1,1,4,4,-119.129218,False,1.211
5,552,6,m,20,23-May-2016,Sub5_Trial552_1,1,5,5,3.8823459999999983,False,1.211
5,552,6,m,20,23-May-2016,Sub5_Trial552_1,1,6,6,-87.561434,False,1.211
5,553,6,m,20,23-May-2016,Sub5_Trial553_0,0,0,0,76.906255,False,2.639
5,553,6,m,20,23-May-2016,Sub5_Trial553_0,0,1,1,68.89606,False,2.639
5,553,6,m,20,23-May-2016,Sub5_Trial553_0,0,2,2,63.343699,False,2.639
5,553,6,m,20,23-May-2016,Sub5_Trial553_0,0,3,3,104.933637,False,2.639
5,553,6,m,20,23-May-2016,Sub5_Trial553_0,0,4,4,33.276279,False,2.639
5,553,6,m,20,23-May-2016,Sub5_Trial553_0,0,5,5,12.720781,False,2.639
5,553,6,m,20,23-May-2016,Sub5_Trial553_0,0,6,6,35.48288,False,2.639
5,553,6,m,20,23-May-2016,Sub5_Trial553_1,1,0,0,-44.087612,True,2.639
5,553,6,m,20,23-May-2016,Sub5_Trial553_1,1,1,1,-23.258526,True,2.639
5,553,6,m,20,23-May-2016,Sub5_Trial553_1,1,2,2,72.802993,True,2.639
5,553,6,m,20,23-May-2016,Sub5_Trial553_1,1,3,3,0.5983069999999984,True,2.639
5,553,6,m,20,23-May-2016,Sub5_Trial553_1,1,4,4,-61.010337,True,2.639
5,553,6,m,20,23-May-2016,Sub5_Trial553_1,1,5,5,9.186452,True,2.639
5,553,6,m,20,23-May-2016,Sub5_Trial553_1,1,6,6,-33.624254,True,2.639
5,554,6,m,20,23-May-2016,Sub5_Trial554_0,0,0,0,-27.369789,True,2.112
5,554,6,m,20,23-May-2016,Sub5_Trial554_0,0,1,1,-90.838574,True,2.112
5,554,6,m,20,23-May-2016,Sub5_Trial554_0,0,2,2,-95.227169,True,2.112
5,554,6,m,20,23-May-2016,Sub5_Trial554_0,0,3,3,31.864311999999998,True,2.112
5,554,6,m,20,23-May-2016,Sub5_Trial554_0,0,4,4,-11.037407,True,2.112
5,554,6,m,20,23-May-2016,Sub5_Trial554_0,0,5,5,64.558136,True,2.112
5,554,6,m,20,23-May-2016,Sub5_Trial554_0,0,6,6,-119.162283,True,2.112
5,554,6,m,20,23-May-2016,Sub5_Trial554_1,1,0,0,-12.247877000000003,False,2.112
5,554,6,m,20,23-May-2016,Sub5_Trial554_1,1,1,1,-93.805361,False,2.112
5,554,6,m,20,23-May-2016,Sub5_Trial554_1,1,2,2,-85.337024,False,2.112
5,554,6,m,20,23-May-2016,Sub5_Trial554_1,1,3,3,-84.258685,False,2.112
5,554,6,m,20,23-May-2016,Sub5_Trial554_1,1,4,4,-48.543519,False,2.112
5,554,6,m,20,23-May-2016,Sub5_Trial554_1,1,5,5,62.214503,False,2.112
5,554,6,m,20,23-May-2016,Sub5_Trial554_1,1,6,6,-33.925282,False,2.112
5,555,6,m,20,23-May-2016,Sub5_Trial555_0,0,0,0,-12.426326000000003,False,1.212
5,555,6,m,20,23-May-2016,Sub5_Trial555_0,0,1,1,21.344947,False,1.212
5,555,6,m,20,23-May-2016,Sub5_Trial555_0,0,2,2,-73.388045,False,1.212
5,555,6,m,20,23-May-2016,Sub5_Trial555_0,0,3,3,75.390679,False,1.212
5,555,6,m,20,23-May-2016,Sub5_Trial555_0,0,4,4,59.817162,False,1.212
5,555,6,m,20,23-May-2016,Sub5_Trial555_0,0,5,5,-71.253654,False,1.212
5,555,6,m,20,23-May-2016,Sub5_Trial555_0,0,6,6,-48.696409,False,1.212
5,555,6,m,20,23-May-2016,Sub5_Trial555_1,1,0,0,48.082367000000005,True,1.212
5,555,6,m,20,23-May-2016,Sub5_Trial555_1,1,1,1,72.914405,True,1.212
5,555,6,m,20,23-May-2016,Sub5_Trial555_1,1,2,2,-23.419466,True,1.212
5,555,6,m,20,23-May-2016,Sub5_Trial555_1,1,3,3,17.122089000000003,True,1.212
5,555,6,m,20,23-May-2016,Sub5_Trial555_1,1,4,4,-45.493227,True,1.212
5,555,6,m,20,23-May-2016,Sub5_Trial555_1,1,5,5,67.864508,True,1.212
5,555,6,m,20,23-May-2016,Sub5_Trial555_1,1,6,6,4.936826,True,1.212
5,556,6,m,20,23-May-2016,Sub5_Trial556_0,0,0,0,-34.889527,True,0.498
5,556,6,m,20,23-May-2016,Sub5_Trial556_0,0,1,1,58.831689,True,0.498
5,556,6,m,20,23-May-2016,Sub5_Trial556_0,0,2,2,40.611405,True,0.498
5,556,6,m,20,23-May-2016,Sub5_Trial556_0,0,3,3,-1.1624960000000009,True,0.498
5,556,6,m,20,23-May-2016,Sub5_Trial556_0,0,4,4,61.55796699999999,True,0.498
5,556,6,m,20,23-May-2016,Sub5_Trial556_0,0,5,5,48.66905800000001,True,0.498
5,556,6,m,20,23-May-2016,Sub5_Trial556_0,0,6,6,91.48833,True,0.498
5,556,6,m,20,23-May-2016,Sub5_Trial556_1,1,0,0,29.335455,False,0.498
5,556,6,m,20,23-May-2016,Sub5_Trial556_1,1,1,1,-57.56355400000001,False,0.498
5,556,6,m,20,23-May-2016,Sub5_Trial556_1,1,2,2,23.256378,False,0.498
5,556,6,m,20,23-May-2016,Sub5_Trial556_1,1,3,3,26.40404,False,0.498
5,556,6,m,20,23-May-2016,Sub5_Trial556_1,1,4,4,-15.652851999999996,False,0.498
5,556,6,m,20,23-May-2016,Sub5_Trial556_1,1,5,5,-35.141629,False,0.498
5,556,6,m,20,23-May-2016,Sub5_Trial556_1,1,6,6,60.601722,False,0.498
5,557,6,m,20,23-May-2016,Sub5_Trial557_0,0,0,0,72.754674,True,0.756
5,557,6,m,20,23-May-2016,Sub5_Trial557_0,0,1,1,5.8835809999999995,True,0.756
5,557,6,m,20,23-May-2016,Sub5_Trial557_0,0,2,2,48.87120999999999,True,0.756
5,557,6,m,20,23-May-2016,Sub5_Trial557_0,0,3,3,-85.693781,True,0.756
5,557,6,m,20,23-May-2016,Sub5_Trial557_0,0,4,4,-68.216525,True,0.756
5,557,6,m,20,23-May-2016,Sub5_Trial557_0,0,5,5,74.215755,True,0.756
5,557,6,m,20,23-May-2016,Sub5_Trial557_0,0,6,6,17.559024,True,0.756
5,557,6,m,20,23-May-2016,Sub5_Trial557_1,1,0,0,89.716347,False,0.756
5,557,6,m,20,23-May-2016,Sub5_Trial557_1,1,1,1,48.425325,False,0.756
5,557,6,m,20,23-May-2016,Sub5_Trial557_1,1,2,2,-62.454057000000006,False,0.756
5,557,6,m,20,23-May-2016,Sub5_Trial557_1,1,3,3,27.128641,False,0.756
5,557,6,m,20,23-May-2016,Sub5_Trial557_1,1,4,4,102.644334,False,0.756
5,557,6,m,20,23-May-2016,Sub5_Trial557_1,1,5,5,-22.273408000000003,False,0.756
5,557,6,m,20,23-May-2016,Sub5_Trial557_1,1,6,6,64.069571,False,0.756
5,558,6,m,20,23-May-2016,Sub5_Trial558_0,0,0,0,136.344539,False,1.143
5,558,6,m,20,23-May-2016,Sub5_Trial558_0,0,1,1,-140.250419,False,1.143
5,558,6,m,20,23-May-2016,Sub5_Trial558_0,0,2,2,-71.987603,False,1.143
5,558,6,m,20,23-May-2016,Sub5_Trial558_0,0,3,3,-64.718405,False,1.143
5,558,6,m,20,23-May-2016,Sub5_Trial558_0,0,4,4,-0.968198000000001,False,1.143
5,558,6,m,20,23-May-2016,Sub5_Trial558_0,0,5,5,-49.616872,False,1.143
5,558,6,m,20,23-May-2016,Sub5_Trial558_0,0,6,6,-32.992858,False,1.143
5,558,6,m,20,23-May-2016,Sub5_Trial558_1,1,0,0,30.223287,True,1.143
5,558,6,m,20,23-May-2016,Sub5_Trial558_1,1,1,1,-89.184462,True,1.143
5,558,6,m,20,23-May-2016,Sub5_Trial558_1,1,2,2,-76.128306,True,1.143
5,558,6,m,20,23-May-2016,Sub5_Trial558_1,1,3,3,-12.026468000000001,True,1.143
5,558,6,m,20,23-May-2016,Sub5_Trial558_1,1,4,4,-20.904785000000004,True,1.143
5,558,6,m,20,23-May-2016,Sub5_Trial558_1,1,5,5,137.90191,True,1.143
5,558,6,m,20,23-May-2016,Sub5_Trial558_1,1,6,6,29.026976,True,1.143
5,559,6,m,20,23-May-2016,Sub5_Trial559_0,0,0,0,-89.275326,True,2.449
5,559,6,m,20,23-May-2016,Sub5_Trial559_0,0,1,1,-73.699411,True,2.449
5,559,6,m,20,23-May-2016,Sub5_Trial559_0,0,2,2,-99.005573,True,2.449
5,559,6,m,20,23-May-2016,Sub5_Trial559_0,0,3,3,-80.534355,True,2.449
5,559,6,m,20,23-May-2016,Sub5_Trial559_0,0,4,4,50.793677,True,2.449
5,559,6,m,20,23-May-2016,Sub5_Trial559_0,0,5,5,7.661546000000001,True,2.449
5,559,6,m,20,23-May-2016,Sub5_Trial559_0,0,6,6,23.515484,True,2.449
5,559,6,m,20,23-May-2016,Sub5_Trial559_1,1,0,0,36.572397,False,2.449
5,559,6,m,20,23-May-2016,Sub5_Trial559_1,1,1,1,23.074162,False,2.449
5,559,6,m,20,23-May-2016,Sub5_Trial559_1,1,2,2,8.386799,False,2.449
5,559,6,m,20,23-May-2016,Sub5_Trial559_1,1,3,3,79.654972,False,2.449
5,559,6,m,20,23-May-2016,Sub5_Trial559_1,1,4,4,-51.101742,False,2.449
5,559,6,m,20,23-May-2016,Sub5_Trial559_1,1,5,5,-17.89797,False,2.449
5,559,6,m,20,23-May-2016,Sub5_Trial559_1,1,6,6,-73.542206,False,2.449
5,560,6,m,20,23-May-2016,Sub5_Trial560_0,0,0,0,-30.564436999999998,False,1.269
5,560,6,m,20,23-May-2016,Sub5_Trial560_0,0,1,1,14.178994,False,1.269
5,560,6,m,20,23-May-2016,Sub5_Trial560_0,0,2,2,24.152653,False,1.269
5,560,6,m,20,23-May-2016,Sub5_Trial560_0,0,3,3,-90.626372,False,1.269
5,560,6,m,20,23-May-2016,Sub5_Trial560_0,0,4,4,97.897805,False,1.269
5,560,6,m,20,23-May-2016,Sub5_Trial560_0,0,5,5,-130.866592,False,1.269
5,560,6,m,20,23-May-2016,Sub5_Trial560_0,0,6,6,51.96623,False,1.269
5,560,6,m,20,23-May-2016,Sub5_Trial560_1,1,0,0,21.909733000000003,True,1.269
5,560,6,m,20,23-May-2016,Sub5_Trial560_1,1,1,1,97.028376,True,1.269
5,560,6,m,20,23-May-2016,Sub5_Trial560_1,1,2,2,-39.430308,True,1.269
5,560,6,m,20,23-May-2016,Sub5_Trial560_1,1,3,3,-13.173008,True,1.269
5,560,6,m,20,23-May-2016,Sub5_Trial560_1,1,4,4,-3.5063369999999985,True,1.269
5,560,6,m,20,23-May-2016,Sub5_Trial560_1,1,5,5,-11.214708,True,1.269
5,560,6,m,20,23-May-2016,Sub5_Trial560_1,1,6,6,-26.182218,True,1.269
5,561,6,m,20,23-May-2016,Sub5_Trial561_0,0,0,0,-17.317469000000003,True,1.158
5,561,6,m,20,23-May-2016,Sub5_Trial561_0,0,1,1,34.206608,True,1.158
5,561,6,m,20,23-May-2016,Sub5_Trial561_0,0,2,2,-7.128734999999999,True,1.158
5,561,6,m,20,23-May-2016,Sub5_Trial561_0,0,3,3,-92.982585,True,1.158
5,561,6,m,20,23-May-2016,Sub5_Trial561_0,0,4,4,-55.697506000000004,True,1.158
5,561,6,m,20,23-May-2016,Sub5_Trial561_0,0,5,5,-5.867175,True,1.158
5,561,6,m,20,23-May-2016,Sub5_Trial561_0,0,6,6,32.402919,True,1.158
5,561,6,m,20,23-May-2016,Sub5_Trial561_1,1,0,0,-103.543673,False,1.158
5,561,6,m,20,23-May-2016,Sub5_Trial561_1,1,1,1,50.079612,False,1.158
5,561,6,m,20,23-May-2016,Sub5_Trial561_1,1,2,2,-67.91251,False,1.158
5,561,6,m,20,23-May-2016,Sub5_Trial561_1,1,3,3,-9.798133,False,1.158
5,561,6,m,20,23-May-2016,Sub5_Trial561_1,1,4,4,-104.40747,False,1.158
5,561,6,m,20,23-May-2016,Sub5_Trial561_1,1,5,5,-151.946584,False,1.158
5,561,6,m,20,23-May-2016,Sub5_Trial561_1,1,6,6,9.566668999999997,False,1.158
5,562,6,m,20,23-May-2016,Sub5_Trial562_0,0,0,0,-149.82956,False,0.741
5,562,6,m,20,23-May-2016,Sub5_Trial562_0,0,1,1,-6.037198,False,0.741
5,562,6,m,20,23-May-2016,Sub5_Trial562_0,0,2,2,57.585729,False,0.741
5,562,6,m,20,23-May-2016,Sub5_Trial562_0,0,3,3,-67.731516,False,0.741
5,562,6,m,20,23-May-2016,Sub5_Trial562_0,0,4,4,72.831983,False,0.741
5,562,6,m,20,23-May-2016,Sub5_Trial562_0,0,5,5,-117.393371,False,0.741
5,562,6,m,20,23-May-2016,Sub5_Trial562_0,0,6,6,-49.801565,False,0.741
5,562,6,m,20,23-May-2016,Sub5_Trial562_1,1,0,0,-69.277248,True,0.741
5,562,6,m,20,23-May-2016,Sub5_Trial562_1,1,1,1,-39.068775,True,0.741
5,562,6,m,20,23-May-2016,Sub5_Trial562_1,1,2,2,0.8546809999999994,True,0.741
5,562,6,m,20,23-May-2016,Sub5_Trial562_1,1,3,3,-18.350082,True,0.741
5,562,6,m,20,23-May-2016,Sub5_Trial562_1,1,4,4,-74.640737,True,0.741
5,562,6,m,20,23-May-2016,Sub5_Trial562_1,1,5,5,62.478553000000005,True,0.741
5,562,6,m,20,23-May-2016,Sub5_Trial562_1,1,6,6,-15.603747,True,0.741
5,563,6,m,20,23-May-2016,Sub5_Trial563_0,0,0,0,-39.677332,True,0.587
5,563,6,m,20,23-May-2016,Sub5_Trial563_0,0,1,1,15.638042999999996,True,0.587
5,563,6,m,20,23-May-2016,Sub5_Trial563_0,0,2,2,-69.304659,True,0.587
5,563,6,m,20,23-May-2016,Sub5_Trial563_0,0,3,3,-22.222942,True,0.587
5,563,6,m,20,23-May-2016,Sub5_Trial563_0,0,4,4,-19.090416,True,0.587
5,563,6,m,20,23-May-2016,Sub5_Trial563_0,0,5,5,-3.262118000000001,True,0.587
5,563,6,m,20,23-May-2016,Sub5_Trial563_0,0,6,6,5.270068000000002,True,0.587
5,563,6,m,20,23-May-2016,Sub5_Trial563_1,1,0,0,-54.523313,False,0.587
5,563,6,m,20,23-May-2016,Sub5_Trial563_1,1,1,1,108.820459,False,0.587
5,563,6,m,20,23-May-2016,Sub5_Trial563_1,1,2,2,12.34289,False,0.587
5,563,6,m,20,23-May-2016,Sub5_Trial563_1,1,3,3,26.062659,False,0.587
5,563,6,m,20,23-May-2016,Sub5_Trial563_1,1,4,4,-142.049113,False,0.587
5,563,6,m,20,23-May-2016,Sub5_Trial563_1,1,5,5,-12.679909000000002,False,0.587
5,563,6,m,20,23-May-2016,Sub5_Trial563_1,1,6,6,33.168725,False,0.587
5,564,6,m,20,23-May-2016,Sub5_Trial564_0,0,0,0,-31.850054,False,0.559
5,564,6,m,20,23-May-2016,Sub5_Trial564_0,0,1,1,-42.194247,False,0.559
5,564,6,m,20,23-May-2016,Sub5_Trial564_0,0,2,2,-66.419621,False,0.559
5,564,6,m,20,23-May-2016,Sub5_Trial564_0,0,3,3,39.954371,False,0.559
5,564,6,m,20,23-May-2016,Sub5_Trial564_0,0,4,4,-104.876385,False,0.559
5,564,6,m,20,23-May-2016,Sub5_Trial564_0,0,5,5,-53.76102800000001,False,0.559
5,564,6,m,20,23-May-2016,Sub5_Trial564_0,0,6,6,-4.516339000000002,False,0.559
5,564,6,m,20,23-May-2016,Sub5_Trial564_1,1,0,0,79.819221,True,0.559
5,564,6,m,20,23-May-2016,Sub5_Trial564_1,1,1,1,-6.0923739999999995,True,0.559
5,564,6,m,20,23-May-2016,Sub5_Trial564_1,1,2,2,27.802209000000005,True,0.559
5,564,6,m,20,23-May-2016,Sub5_Trial564_1,1,3,3,-60.335369,True,0.559
5,564,6,m,20,23-May-2016,Sub5_Trial564_1,1,4,4,-113.763625,True,0.559
5,564,6,m,20,23-May-2016,Sub5_Trial564_1,1,5,5,64.780903,True,0.559
5,564,6,m,20,23-May-2016,Sub5_Trial564_1,1,6,6,67.90121,True,0.559
5,565,6,m,20,23-May-2016,Sub5_Trial565_0,0,0,0,-19.326017,True,0.651
5,565,6,m,20,23-May-2016,Sub5_Trial565_0,0,1,1,108.114705,True,0.651
5,565,6,m,20,23-May-2016,Sub5_Trial565_0,0,2,2,111.691232,True,0.651
5,565,6,m,20,23-May-2016,Sub5_Trial565_0,0,3,3,30.237345,True,0.651
5,565,6,m,20,23-May-2016,Sub5_Trial565_0,0,4,4,-27.859537000000003,True,0.651
5,565,6,m,20,23-May-2016,Sub5_Trial565_0,0,5,5,44.987017,True,0.651
5,565,6,m,20,23-May-2016,Sub5_Trial565_0,0,6,6,67.585399,True,0.651
5,565,6,m,20,23-May-2016,Sub5_Trial565_1,1,0,0,-4.872249,False,0.651
5,565,6,m,20,23-May-2016,Sub5_Trial565_1,1,1,1,99.970805,False,0.651
5,565,6,m,20,23-May-2016,Sub5_Trial565_1,1,2,2,-116.750254,False,0.651
5,565,6,m,20,23-May-2016,Sub5_Trial565_1,1,3,3,30.537040000000005,False,0.651
5,565,6,m,20,23-May-2016,Sub5_Trial565_1,1,4,4,-41.124869,False,0.651
5,565,6,m,20,23-May-2016,Sub5_Trial565_1,1,5,5,-3.618729000000002,False,0.651
5,565,6,m,20,23-May-2016,Sub5_Trial565_1,1,6,6,43.584923,False,0.651
5,566,6,m,20,23-May-2016,Sub5_Trial566_0,0,0,0,32.222828,True,0.643
5,566,6,m,20,23-May-2016,Sub5_Trial566_0,0,1,1,-24.028473,True,0.643
5,566,6,m,20,23-May-2016,Sub5_Trial566_0,0,2,2,3.061413999999999,True,0.643
5,566,6,m,20,23-May-2016,Sub5_Trial566_0,0,3,3,-104.150195,True,0.643
5,566,6,m,20,23-May-2016,Sub5_Trial566_0,0,4,4,52.636095,True,0.643
5,566,6,m,20,23-May-2016,Sub5_Trial566_0,0,5,5,-35.15667,True,0.643
5,566,6,m,20,23-May-2016,Sub5_Trial566_0,0,6,6,51.052006000000006,True,0.643
5,566,6,m,20,23-May-2016,Sub5_Trial566_1,1,0,0,-44.846327,False,0.643
5,566,6,m,20,23-May-2016,Sub5_Trial566_1,1,1,1,-26.463537000000002,False,0.643
5,566,6,m,20,23-May-2016,Sub5_Trial566_1,1,2,2,-7.854277,False,0.643
5,566,6,m,20,23-May-2016,Sub5_Trial566_1,1,3,3,116.47773,False,0.643
5,566,6,m,20,23-May-2016,Sub5_Trial566_1,1,4,4,-54.528166,False,0.643
5,566,6,m,20,23-May-2016,Sub5_Trial566_1,1,5,5,-54.356734,False,0.643
5,566,6,m,20,23-May-2016,Sub5_Trial566_1,1,6,6,40.278572,False,0.643
5,567,6,m,20,23-May-2016,Sub5_Trial567_0,0,0,0,-94.078999,False,0.881
5,567,6,m,20,23-May-2016,Sub5_Trial567_0,0,1,1,4.158781000000001,False,0.881
5,567,6,m,20,23-May-2016,Sub5_Trial567_0,0,2,2,80.402565,False,0.881
5,567,6,m,20,23-May-2016,Sub5_Trial567_0,0,3,3,-31.463445,False,0.881
5,567,6,m,20,23-May-2016,Sub5_Trial567_0,0,4,4,36.323848,False,0.881
5,567,6,m,20,23-May-2016,Sub5_Trial567_0,0,5,5,-30.634501,False,0.881
5,567,6,m,20,23-May-2016,Sub5_Trial567_0,0,6,6,-112.632923,False,0.881
5,567,6,m,20,23-May-2016,Sub5_Trial567_1,1,0,0,-95.098518,True,0.881
5,567,6,m,20,23-May-2016,Sub5_Trial567_1,1,1,1,-64.733359,True,0.881
5,567,6,m,20,23-May-2016,Sub5_Trial567_1,1,2,2,-121.247035,True,0.881
5,567,6,m,20,23-May-2016,Sub5_Trial567_1,1,3,3,-140.40337,True,0.881
5,567,6,m,20,23-May-2016,Sub5_Trial567_1,1,4,4,29.640899000000005,True,0.881
5,567,6,m,20,23-May-2016,Sub5_Trial567_1,1,5,5,81.510187,True,0.881
5,567,6,m,20,23-May-2016,Sub5_Trial567_1,1,6,6,-52.073454,True,0.881
5,568,6,m,20,23-May-2016,Sub5_Trial568_0,0,0,0,94.956505,True,1.287
5,568,6,m,20,23-May-2016,Sub5_Trial568_0,0,1,1,63.37487899999999,True,1.287
5,568,6,m,20,23-May-2016,Sub5_Trial568_0,0,2,2,28.086753,True,1.287
5,568,6,m,20,23-May-2016,Sub5_Trial568_0,0,3,3,36.115033,True,1.287
5,568,6,m,20,23-May-2016,Sub5_Trial568_0,0,4,4,59.868573,True,1.287
5,568,6,m,20,23-May-2016,Sub5_Trial568_0,0,5,5,-80.653455,True,1.287
5,568,6,m,20,23-May-2016,Sub5_Trial568_0,0,6,6,-96.291738,True,1.287
5,568,6,m,20,23-May-2016,Sub5_Trial568_1,1,0,0,-29.506021000000004,False,1.287
5,568,6,m,20,23-May-2016,Sub5_Trial568_1,1,1,1,-37.6992,False,1.287
5,568,6,m,20,23-May-2016,Sub5_Trial568_1,1,2,2,23.517451,False,1.287
5,568,6,m,20,23-May-2016,Sub5_Trial568_1,1,3,3,-8.419187999999998,False,1.287
5,568,6,m,20,23-May-2016,Sub5_Trial568_1,1,4,4,-75.383468,False,1.287
5,568,6,m,20,23-May-2016,Sub5_Trial568_1,1,5,5,-37.919839,False,1.287
5,568,6,m,20,23-May-2016,Sub5_Trial568_1,1,6,6,27.914668,False,1.287
5,569,6,m,20,23-May-2016,Sub5_Trial569_0,0,0,0,0.3169600000000017,True,0.573
5,569,6,m,20,23-May-2016,Sub5_Trial569_0,0,1,1,13.255102,True,0.573
5,569,6,m,20,23-May-2016,Sub5_Trial569_0,0,2,2,-96.174913,True,0.573
5,569,6,m,20,23-May-2016,Sub5_Trial569_0,0,3,3,-37.517538,True,0.573
5,569,6,m,20,23-May-2016,Sub5_Trial569_0,0,4,4,0.36926400000000115,True,0.573
5,569,6,m,20,23-May-2016,Sub5_Trial569_0,0,5,5,-1.7305430000000008,True,0.573
5,569,6,m,20,23-May-2016,Sub5_Trial569_0,0,6,6,141.11305,True,0.573
5,569,6,m,20,23-May-2016,Sub5_Trial569_1,1,0,0,41.280844,False,0.573
5,569,6,m,20,23-May-2016,Sub5_Trial569_1,1,1,1,11.916899,False,0.573
5,569,6,m,20,23-May-2016,Sub5_Trial569_1,1,2,2,-133.040597,False,0.573
5,569,6,m,20,23-May-2016,Sub5_Trial569_1,1,3,3,55.261277,False,0.573
5,569,6,m,20,23-May-2016,Sub5_Trial569_1,1,4,4,48.646996,False,0.573
5,569,6,m,20,23-May-2016,Sub5_Trial569_1,1,5,5,-82.87393,False,0.573
5,569,6,m,20,23-May-2016,Sub5_Trial569_1,1,6,6,24.364878,False,0.573
5,570,6,m,20,23-May-2016,Sub5_Trial570_0,0,0,0,58.597544,True,3.128
5,570,6,m,20,23-May-2016,Sub5_Trial570_0,0,1,1,70.118324,True,3.128
5,570,6,m,20,23-May-2016,Sub5_Trial570_0,0,2,2,-107.714539,True,3.128
5,570,6,m,20,23-May-2016,Sub5_Trial570_0,0,3,3,-22.908992,True,3.128
5,570,6,m,20,23-May-2016,Sub5_Trial570_0,0,4,4,68.482717,True,3.128
5,570,6,m,20,23-May-2016,Sub5_Trial570_0,0,5,5,126.99183099999999,True,3.128
5,570,6,m,20,23-May-2016,Sub5_Trial570_0,0,6,6,-108.899892,True,3.128
5,570,6,m,20,23-May-2016,Sub5_Trial570_1,1,0,0,-10.666968,False,3.128
5,570,6,m,20,23-May-2016,Sub5_Trial570_1,1,1,1,18.195921,False,3.128
5,570,6,m,20,23-May-2016,Sub5_Trial570_1,1,2,2,-46.15440000000001,False,3.128
5,570,6,m,20,23-May-2016,Sub5_Trial570_1,1,3,3,89.343645,False,3.128
5,570,6,m,20,23-May-2016,Sub5_Trial570_1,1,4,4,10.505085,False,3.128
5,570,6,m,20,23-May-2016,Sub5_Trial570_1,1,5,5,99.569675,False,3.128
5,570,6,m,20,23-May-2016,Sub5_Trial570_1,1,6,6,-46.995175,False,3.128
5,571,6,m,20,23-May-2016,Sub5_Trial571_0,0,0,0,-37.923893,True,0.611
5,571,6,m,20,23-May-2016,Sub5_Trial571_0,0,1,1,14.050612999999998,True,0.611
5,571,6,m,20,23-May-2016,Sub5_Trial571_0,0,2,2,-7.839411999999999,True,0.611
5,571,6,m,20,23-May-2016,Sub5_Trial571_0,0,3,3,18.972158,True,0.611
5,571,6,m,20,23-May-2016,Sub5_Trial571_0,0,4,4,-47.600328,True,0.611
5,571,6,m,20,23-May-2016,Sub5_Trial571_0,0,5,5,-14.595617,True,0.611
5,571,6,m,20,23-May-2016,Sub5_Trial571_0,0,6,6,108.040571,True,0.611
5,571,6,m,20,23-May-2016,Sub5_Trial571_1,1,0,0,-99.053724,False,0.611
5,571,6,m,20,23-May-2016,Sub5_Trial571_1,1,1,1,69.942569,False,0.611
5,571,6,m,20,23-May-2016,Sub5_Trial571_1,1,2,2,21.060147,False,0.611
5,571,6,m,20,23-May-2016,Sub5_Trial571_1,1,3,3,153.001235,False,0.611
5,571,6,m,20,23-May-2016,Sub5_Trial571_1,1,4,4,139.20523,False,0.611
5,571,6,m,20,23-May-2016,Sub5_Trial571_1,1,5,5,-61.78053700000001,False,0.611
5,571,6,m,20,23-May-2016,Sub5_Trial571_1,1,6,6,124.69576,False,0.611
5,572,6,m,20,23-May-2016,Sub5_Trial572_0,0,0,0,-88.420439,True,1.152
5,572,6,m,20,23-May-2016,Sub5_Trial572_0,0,1,1,-44.290107,True,1.152
5,572,6,m,20,23-May-2016,Sub5_Trial572_0,0,2,2,-42.319728,True,1.152
5,572,6,m,20,23-May-2016,Sub5_Trial572_0,0,3,3,2.4868740000000003,True,1.152
5,572,6,m,20,23-May-2016,Sub5_Trial572_0,0,4,4,7.495336999999999,True,1.152
5,572,6,m,20,23-May-2016,Sub5_Trial572_0,0,5,5,11.048983,True,1.152
5,572,6,m,20,23-May-2016,Sub5_Trial572_0,0,6,6,-45.060643,True,1.152
5,572,6,m,20,23-May-2016,Sub5_Trial572_1,1,0,0,29.035907,False,1.152
5,572,6,m,20,23-May-2016,Sub5_Trial572_1,1,1,1,-81.746004,False,1.152
5,572,6,m,20,23-May-2016,Sub5_Trial572_1,1,2,2,127.148107,False,1.152
5,572,6,m,20,23-May-2016,Sub5_Trial572_1,1,3,3,10.785144,False,1.152
5,572,6,m,20,23-May-2016,Sub5_Trial572_1,1,4,4,-31.009886,False,1.152
5,572,6,m,20,23-May-2016,Sub5_Trial572_1,1,5,5,15.432551,False,1.152
5,572,6,m,20,23-May-2016,Sub5_Trial572_1,1,6,6,-11.172035999999999,False,1.152
5,573,6,m,20,23-May-2016,Sub5_Trial573_0,0,0,0,32.738575,True,2.52
5,573,6,m,20,23-May-2016,Sub5_Trial573_0,0,1,1,19.930668,True,2.52
5,573,6,m,20,23-May-2016,Sub5_Trial573_0,0,2,2,34.236617,True,2.52
5,573,6,m,20,23-May-2016,Sub5_Trial573_0,0,3,3,43.809585,True,2.52
5,573,6,m,20,23-May-2016,Sub5_Trial573_0,0,4,4,40.771214,True,2.52
5,573,6,m,20,23-May-2016,Sub5_Trial573_0,0,5,5,41.12641,True,2.52
5,573,6,m,20,23-May-2016,Sub5_Trial573_0,0,6,6,69.676866,True,2.52
5,573,6,m,20,23-May-2016,Sub5_Trial573_1,1,0,0,9.749589,False,2.52
5,573,6,m,20,23-May-2016,Sub5_Trial573_1,1,1,1,38.317019,False,2.52
5,573,6,m,20,23-May-2016,Sub5_Trial573_1,1,2,2,-29.990291,False,2.52
5,573,6,m,20,23-May-2016,Sub5_Trial573_1,1,3,3,-46.461551,False,2.52
5,573,6,m,20,23-May-2016,Sub5_Trial573_1,1,4,4,-46.771393,False,2.52
5,573,6,m,20,23-May-2016,Sub5_Trial573_1,1,5,5,-87.377503,False,2.52
5,573,6,m,20,23-May-2016,Sub5_Trial573_1,1,6,6,77.94651,False,2.52
5,574,6,m,20,23-May-2016,Sub5_Trial574_0,0,0,0,-42.704934,False,1.745
5,574,6,m,20,23-May-2016,Sub5_Trial574_0,0,1,1,72.211413,False,1.745
5,574,6,m,20,23-May-2016,Sub5_Trial574_0,0,2,2,-37.865155,False,1.745
5,574,6,m,20,23-May-2016,Sub5_Trial574_0,0,3,3,-50.843931,False,1.745
5,574,6,m,20,23-May-2016,Sub5_Trial574_0,0,4,4,61.784901,False,1.745
5,574,6,m,20,23-May-2016,Sub5_Trial574_0,0,5,5,-36.325276,False,1.745
5,574,6,m,20,23-May-2016,Sub5_Trial574_0,0,6,6,-81.826966,False,1.745
5,574,6,m,20,23-May-2016,Sub5_Trial574_1,1,0,0,140.201872,True,1.745
5,574,6,m,20,23-May-2016,Sub5_Trial574_1,1,1,1,-58.364831,True,1.745
5,574,6,m,20,23-May-2016,Sub5_Trial574_1,1,2,2,62.726594000000006,True,1.745
5,574,6,m,20,23-May-2016,Sub5_Trial574_1,1,3,3,-68.023921,True,1.745
5,574,6,m,20,23-May-2016,Sub5_Trial574_1,1,4,4,52.716015,True,1.745
5,574,6,m,20,23-May-2016,Sub5_Trial574_1,1,5,5,21.62404,True,1.745
5,574,6,m,20,23-May-2016,Sub5_Trial574_1,1,6,6,-60.009129,True,1.745
5,575,6,m,20,23-May-2016,Sub5_Trial575_0,0,0,0,-86.156377,False,0.714
5,575,6,m,20,23-May-2016,Sub5_Trial575_0,0,1,1,-12.993107,False,0.714
5,575,6,m,20,23-May-2016,Sub5_Trial575_0,0,2,2,-104.021292,False,0.714
5,575,6,m,20,23-May-2016,Sub5_Trial575_0,0,3,3,-141.912419,False,0.714
5,575,6,m,20,23-May-2016,Sub5_Trial575_0,0,4,4,-34.19186,False,0.714
5,575,6,m,20,23-May-2016,Sub5_Trial575_0,0,5,5,-15.117301,False,0.714
5,575,6,m,20,23-May-2016,Sub5_Trial575_0,0,6,6,-42.776127,False,0.714
5,575,6,m,20,23-May-2016,Sub5_Trial575_1,1,0,0,-22.075491999999997,True,0.714
5,575,6,m,20,23-May-2016,Sub5_Trial575_1,1,1,1,-90.830041,True,0.714
5,575,6,m,20,23-May-2016,Sub5_Trial575_1,1,2,2,-141.979423,True,0.714
5,575,6,m,20,23-May-2016,Sub5_Trial575_1,1,3,3,28.039351,True,0.714
5,575,6,m,20,23-May-2016,Sub5_Trial575_1,1,4,4,-45.51589100000001,True,0.714
5,575,6,m,20,23-May-2016,Sub5_Trial575_1,1,5,5,89.297734,True,0.714
5,575,6,m,20,23-May-2016,Sub5_Trial575_1,1,6,6,144.5513,True,0.714
5,576,6,m,20,23-May-2016,Sub5_Trial576_0,0,0,0,51.883538,False,0.473
5,576,6,m,20,23-May-2016,Sub5_Trial576_0,0,1,1,54.281003,False,0.473
5,576,6,m,20,23-May-2016,Sub5_Trial576_0,0,2,2,-36.072028,False,0.473
5,576,6,m,20,23-May-2016,Sub5_Trial576_0,0,3,3,-131.217341,False,0.473
5,576,6,m,20,23-May-2016,Sub5_Trial576_0,0,4,4,55.140553,False,0.473
5,576,6,m,20,23-May-2016,Sub5_Trial576_0,0,5,5,-131.960035,False,0.473
5,576,6,m,20,23-May-2016,Sub5_Trial576_0,0,6,6,134.845658,False,0.473
5,576,6,m,20,23-May-2016,Sub5_Trial576_1,1,0,0,-6.584617999999999,True,0.473
5,576,6,m,20,23-May-2016,Sub5_Trial576_1,1,1,1,66.327208,True,0.473
5,576,6,m,20,23-May-2016,Sub5_Trial576_1,1,2,2,-5.692003,True,0.473
5,576,6,m,20,23-May-2016,Sub5_Trial576_1,1,3,3,-40.761768,True,0.473
5,576,6,m,20,23-May-2016,Sub5_Trial576_1,1,4,4,15.179844,True,0.473
5,576,6,m,20,23-May-2016,Sub5_Trial576_1,1,5,5,19.349915,True,0.473
5,576,6,m,20,23-May-2016,Sub5_Trial576_1,1,6,6,-88.436702,True,0.473
5,577,6,m,20,23-May-2016,Sub5_Trial577_0,0,0,0,-45.972104,True,1.766
5,577,6,m,20,23-May-2016,Sub5_Trial577_0,0,1,1,45.626597000000004,True,1.766
5,577,6,m,20,23-May-2016,Sub5_Trial577_0,0,2,2,-2.2873079999999995,True,1.766
5,577,6,m,20,23-May-2016,Sub5_Trial577_0,0,3,3,-0.8434300000000015,True,1.766
5,577,6,m,20,23-May-2016,Sub5_Trial577_0,0,4,4,-105.172159,True,1.766
5,577,6,m,20,23-May-2016,Sub5_Trial577_0,0,5,5,113.906318,True,1.766
5,577,6,m,20,23-May-2016,Sub5_Trial577_0,0,6,6,82.470586,True,1.766
5,577,6,m,20,23-May-2016,Sub5_Trial577_1,1,0,0,97.259031,False,1.766
5,577,6,m,20,23-May-2016,Sub5_Trial577_1,1,1,1,-69.417627,False,1.766
5,577,6,m,20,23-May-2016,Sub5_Trial577_1,1,2,2,-71.856108,False,1.766
5,577,6,m,20,23-May-2016,Sub5_Trial577_1,1,3,3,-60.876082,False,1.766
5,577,6,m,20,23-May-2016,Sub5_Trial577_1,1,4,4,59.79368,False,1.766
5,577,6,m,20,23-May-2016,Sub5_Trial577_1,1,5,5,-16.225693,False,1.766
5,577,6,m,20,23-May-2016,Sub5_Trial577_1,1,6,6,-52.60524100000001,False,1.766
5,578,6,m,20,23-May-2016,Sub5_Trial578_0,0,0,0,-90.565926,True,0.624
5,578,6,m,20,23-May-2016,Sub5_Trial578_0,0,1,1,5.751915,True,0.624
5,578,6,m,20,23-May-2016,Sub5_Trial578_0,0,2,2,-43.404435,True,0.624
5,578,6,m,20,23-May-2016,Sub5_Trial578_0,0,3,3,-68.665089,True,0.624
5,578,6,m,20,23-May-2016,Sub5_Trial578_0,0,4,4,49.916424000000006,True,0.624
5,578,6,m,20,23-May-2016,Sub5_Trial578_0,0,5,5,100.208673,True,0.624
5,578,6,m,20,23-May-2016,Sub5_Trial578_0,0,6,6,-54.066466,True,0.624
5,578,6,m,20,23-May-2016,Sub5_Trial578_1,1,0,0,19.766302,False,0.624
5,578,6,m,20,23-May-2016,Sub5_Trial578_1,1,1,1,-9.467544,False,0.624
5,578,6,m,20,23-May-2016,Sub5_Trial578_1,1,2,2,20.822506,False,0.624
5,578,6,m,20,23-May-2016,Sub5_Trial578_1,1,3,3,77.91859,False,0.624
5,578,6,m,20,23-May-2016,Sub5_Trial578_1,1,4,4,61.895125,False,0.624
5,578,6,m,20,23-May-2016,Sub5_Trial578_1,1,5,5,71.951032,False,0.624
5,578,6,m,20,23-May-2016,Sub5_Trial578_1,1,6,6,33.533117,False,0.624
5,579,6,m,20,23-May-2016,Sub5_Trial579_0,0,0,0,148.352227,False,1.145
5,579,6,m,20,23-May-2016,Sub5_Trial579_0,0,1,1,-118.527495,False,1.145
5,579,6,m,20,23-May-2016,Sub5_Trial579_0,0,2,2,60.303707,False,1.145
5,579,6,m,20,23-May-2016,Sub5_Trial579_0,0,3,3,123.640488,False,1.145
5,579,6,m,20,23-May-2016,Sub5_Trial579_0,0,4,4,-51.993223,False,1.145
5,579,6,m,20,23-May-2016,Sub5_Trial579_0,0,5,5,-125.196677,False,1.145
5,579,6,m,20,23-May-2016,Sub5_Trial579_0,0,6,6,106.015748,False,1.145
5,579,6,m,20,23-May-2016,Sub5_Trial579_1,1,0,0,-5.2668,True,1.145
5,579,6,m,20,23-May-2016,Sub5_Trial579_1,1,1,1,-86.82293,True,1.145
5,579,6,m,20,23-May-2016,Sub5_Trial579_1,1,2,2,-29.570102,True,1.145
5,579,6,m,20,23-May-2016,Sub5_Trial579_1,1,3,3,93.261061,True,1.145
5,579,6,m,20,23-May-2016,Sub5_Trial579_1,1,4,4,-19.862111,True,1.145
5,579,6,m,20,23-May-2016,Sub5_Trial579_1,1,5,5,8.974433,True,1.145
5,579,6,m,20,23-May-2016,Sub5_Trial579_1,1,6,6,1.3449109999999997,True,1.145
5,580,6,m,20,23-May-2016,Sub5_Trial580_0,0,0,0,49.630202999999995,False,2.1
5,580,6,m,20,23-May-2016,Sub5_Trial580_0,0,1,1,-133.396923,False,2.1
5,580,6,m,20,23-May-2016,Sub5_Trial580_0,0,2,2,19.265477000000004,False,2.1
5,580,6,m,20,23-May-2016,Sub5_Trial580_0,0,3,3,33.123258,False,2.1
5,580,6,m,20,23-May-2016,Sub5_Trial580_0,0,4,4,57.737987000000004,False,2.1
5,580,6,m,20,23-May-2016,Sub5_Trial580_0,0,5,5,19.661483000000004,False,2.1
5,580,6,m,20,23-May-2016,Sub5_Trial580_0,0,6,6,-68.921482,False,2.1
5,580,6,m,20,23-May-2016,Sub5_Trial580_1,1,0,0,-63.502531000000005,True,2.1
5,580,6,m,20,23-May-2016,Sub5_Trial580_1,1,1,1,-73.114624,True,2.1
5,580,6,m,20,23-May-2016,Sub5_Trial580_1,1,2,2,-78.232142,True,2.1
5,580,6,m,20,23-May-2016,Sub5_Trial580_1,1,3,3,19.233811,True,2.1
5,580,6,m,20,23-May-2016,Sub5_Trial580_1,1,4,4,15.888274,True,2.1
5,580,6,m,20,23-May-2016,Sub5_Trial580_1,1,5,5,-9.14912,True,2.1
5,580,6,m,20,23-May-2016,Sub5_Trial580_1,1,6,6,43.467898,True,2.1
5,581,6,m,20,23-May-2016,Sub5_Trial581_0,0,0,0,-12.594895000000001,False,0.905
5,581,6,m,20,23-May-2016,Sub5_Trial581_0,0,1,1,-9.210082,False,0.905
5,581,6,m,20,23-May-2016,Sub5_Trial581_0,0,2,2,-130.354599,False,0.905
5,581,6,m,20,23-May-2016,Sub5_Trial581_0,0,3,3,31.347071,False,0.905
5,581,6,m,20,23-May-2016,Sub5_Trial581_0,0,4,4,-148.90694,False,0.905
5,581,6,m,20,23-May-2016,Sub5_Trial581_0,0,5,5,-110.80809299999999,False,0.905
5,581,6,m,20,23-May-2016,Sub5_Trial581_0,0,6,6,-6.400492,False,0.905
5,581,6,m,20,23-May-2016,Sub5_Trial581_1,1,0,0,45.381305,True,0.905
5,581,6,m,20,23-May-2016,Sub5_Trial581_1,1,1,1,-5.81058,True,0.905
5,581,6,m,20,23-May-2016,Sub5_Trial581_1,1,2,2,112.48228799999998,True,0.905
5,581,6,m,20,23-May-2016,Sub5_Trial581_1,1,3,3,60.56321700000001,True,0.905
5,581,6,m,20,23-May-2016,Sub5_Trial581_1,1,4,4,-72.160454,True,0.905
5,581,6,m,20,23-May-2016,Sub5_Trial581_1,1,5,5,-14.65095,True,0.905
5,581,6,m,20,23-May-2016,Sub5_Trial581_1,1,6,6,-22.516962,True,0.905
5,582,6,m,20,23-May-2016,Sub5_Trial582_0,0,0,0,-69.407906,True,1.462
5,582,6,m,20,23-May-2016,Sub5_Trial582_0,0,1,1,-27.468642000000003,True,1.462
5,582,6,m,20,23-May-2016,Sub5_Trial582_0,0,2,2,61.775091,True,1.462
5,582,6,m,20,23-May-2016,Sub5_Trial582_0,0,3,3,49.801217,True,1.462
5,582,6,m,20,23-May-2016,Sub5_Trial582_0,0,4,4,-7.4233709999999995,True,1.462
5,582,6,m,20,23-May-2016,Sub5_Trial582_0,0,5,5,97.999875,True,1.462
5,582,6,m,20,23-May-2016,Sub5_Trial582_0,0,6,6,61.973922,True,1.462
5,582,6,m,20,23-May-2016,Sub5_Trial582_1,1,0,0,-49.755791,False,1.462
5,582,6,m,20,23-May-2016,Sub5_Trial582_1,1,1,1,-46.157741,False,1.462
5,582,6,m,20,23-May-2016,Sub5_Trial582_1,1,2,2,4.110768,False,1.462
5,582,6,m,20,23-May-2016,Sub5_Trial582_1,1,3,3,66.386244,False,1.462
5,582,6,m,20,23-May-2016,Sub5_Trial582_1,1,4,4,-43.775056,False,1.462
5,582,6,m,20,23-May-2016,Sub5_Trial582_1,1,5,5,-45.791747,False,1.462
5,582,6,m,20,23-May-2016,Sub5_Trial582_1,1,6,6,28.386695000000003,False,1.462
5,583,6,m,20,23-May-2016,Sub5_Trial583_0,0,0,0,-51.688747000000006,False,5.271
5,583,6,m,20,23-May-2016,Sub5_Trial583_0,0,1,1,-42.397827,False,5.271
5,583,6,m,20,23-May-2016,Sub5_Trial583_0,0,2,2,-11.565746,False,5.271
5,583,6,m,20,23-May-2016,Sub5_Trial583_0,0,3,3,-65.764212,False,5.271
5,583,6,m,20,23-May-2016,Sub5_Trial583_0,0,4,4,92.618828,False,5.271
5,583,6,m,20,23-May-2016,Sub5_Trial583_0,0,5,5,89.863954,False,5.271
5,583,6,m,20,23-May-2016,Sub5_Trial583_0,0,6,6,-3.4255139999999997,False,5.271
5,583,6,m,20,23-May-2016,Sub5_Trial583_1,1,0,0,-59.489319,True,5.271
5,583,6,m,20,23-May-2016,Sub5_Trial583_1,1,1,1,41.107371,True,5.271
5,583,6,m,20,23-May-2016,Sub5_Trial583_1,1,2,2,-11.466067,True,5.271
5,583,6,m,20,23-May-2016,Sub5_Trial583_1,1,3,3,-48.619487,True,5.271
5,583,6,m,20,23-May-2016,Sub5_Trial583_1,1,4,4,-15.033795,True,5.271
5,583,6,m,20,23-May-2016,Sub5_Trial583_1,1,5,5,63.23431500000001,True,5.271
5,583,6,m,20,23-May-2016,Sub5_Trial583_1,1,6,6,-45.087843,True,5.271
5,584,6,m,20,23-May-2016,Sub5_Trial584_0,0,0,0,-30.87995,True,2.236
5,584,6,m,20,23-May-2016,Sub5_Trial584_0,0,1,1,-103.736784,True,2.236
5,584,6,m,20,23-May-2016,Sub5_Trial584_0,0,2,2,23.989846,True,2.236
5,584,6,m,20,23-May-2016,Sub5_Trial584_0,0,3,3,99.599351,True,2.236
5,584,6,m,20,23-May-2016,Sub5_Trial584_0,0,4,4,65.928883,True,2.236
5,584,6,m,20,23-May-2016,Sub5_Trial584_0,0,5,5,-149.614535,True,2.236
5,584,6,m,20,23-May-2016,Sub5_Trial584_0,0,6,6,73.256057,True,2.236
5,584,6,m,20,23-May-2016,Sub5_Trial584_1,1,0,0,-94.098762,False,2.236
5,584,6,m,20,23-May-2016,Sub5_Trial584_1,1,1,1,31.605596,False,2.236
5,584,6,m,20,23-May-2016,Sub5_Trial584_1,1,2,2,-67.026699,False,2.236
5,584,6,m,20,23-May-2016,Sub5_Trial584_1,1,3,3,-99.090145,False,2.236
5,584,6,m,20,23-May-2016,Sub5_Trial584_1,1,4,4,-6.28603,False,2.236
5,584,6,m,20,23-May-2016,Sub5_Trial584_1,1,5,5,-78.693907,False,2.236
5,584,6,m,20,23-May-2016,Sub5_Trial584_1,1,6,6,-133.949799,False,2.236
5,585,6,m,20,23-May-2016,Sub5_Trial585_0,0,0,0,107.396148,False,0.835
5,585,6,m,20,23-May-2016,Sub5_Trial585_0,0,1,1,120.799358,False,0.835
5,585,6,m,20,23-May-2016,Sub5_Trial585_0,0,2,2,22.930997,False,0.835
5,585,6,m,20,23-May-2016,Sub5_Trial585_0,0,3,3,-109.00518499999998,False,0.835
5,585,6,m,20,23-May-2016,Sub5_Trial585_0,0,4,4,-76.597183,False,0.835
5,585,6,m,20,23-May-2016,Sub5_Trial585_0,0,5,5,77.229301,False,0.835
5,585,6,m,20,23-May-2016,Sub5_Trial585_0,0,6,6,-25.191558999999998,False,0.835
5,585,6,m,20,23-May-2016,Sub5_Trial585_1,1,0,0,78.515986,True,0.835
5,585,6,m,20,23-May-2016,Sub5_Trial585_1,1,1,1,-101.11696,True,0.835
5,585,6,m,20,23-May-2016,Sub5_Trial585_1,1,2,2,-44.484097,True,0.835
5,585,6,m,20,23-May-2016,Sub5_Trial585_1,1,3,3,65.025243,True,0.835
5,585,6,m,20,23-May-2016,Sub5_Trial585_1,1,4,4,-16.674707,True,0.835
5,585,6,m,20,23-May-2016,Sub5_Trial585_1,1,5,5,62.757267,True,0.835
5,585,6,m,20,23-May-2016,Sub5_Trial585_1,1,6,6,-33.748383,True,0.835
5,586,6,m,20,23-May-2016,Sub5_Trial586_0,0,0,0,-71.835347,True,0.621
5,586,6,m,20,23-May-2016,Sub5_Trial586_0,0,1,1,89.972316,True,0.621
5,586,6,m,20,23-May-2016,Sub5_Trial586_0,0,2,2,-5.1384620000000005,True,0.621
5,586,6,m,20,23-May-2016,Sub5_Trial586_0,0,3,3,-24.679151,True,0.621
5,586,6,m,20,23-May-2016,Sub5_Trial586_0,0,4,4,-148.656772,True,0.621
5,586,6,m,20,23-May-2016,Sub5_Trial586_0,0,5,5,72.460426,True,0.621
5,586,6,m,20,23-May-2016,Sub5_Trial586_0,0,6,6,26.401731999999996,True,0.621
5,586,6,m,20,23-May-2016,Sub5_Trial586_1,1,0,0,-136.56633,False,0.621
5,586,6,m,20,23-May-2016,Sub5_Trial586_1,1,1,1,-28.928814000000003,False,0.621
5,586,6,m,20,23-May-2016,Sub5_Trial586_1,1,2,2,-66.839336,False,0.621
5,586,6,m,20,23-May-2016,Sub5_Trial586_1,1,3,3,-28.540667,False,0.621
5,586,6,m,20,23-May-2016,Sub5_Trial586_1,1,4,4,-27.084916,False,0.621
5,586,6,m,20,23-May-2016,Sub5_Trial586_1,1,5,5,-45.24551099999999,False,0.621
5,586,6,m,20,23-May-2016,Sub5_Trial586_1,1,6,6,-38.020598,False,0.621
5,587,6,m,20,23-May-2016,Sub5_Trial587_0,0,0,0,8.73319,False,4.993
5,587,6,m,20,23-May-2016,Sub5_Trial587_0,0,1,1,-69.846494,False,4.993
5,587,6,m,20,23-May-2016,Sub5_Trial587_0,0,2,2,-99.410902,False,4.993
5,587,6,m,20,23-May-2016,Sub5_Trial587_0,0,3,3,-37.788898,False,4.993
5,587,6,m,20,23-May-2016,Sub5_Trial587_0,0,4,4,-103.775238,False,4.993
5,587,6,m,20,23-May-2016,Sub5_Trial587_0,0,5,5,61.50513699999999,False,4.993
5,587,6,m,20,23-May-2016,Sub5_Trial587_0,0,6,6,29.778316000000004,False,4.993
5,587,6,m,20,23-May-2016,Sub5_Trial587_1,1,0,0,-129.544265,True,4.993
5,587,6,m,20,23-May-2016,Sub5_Trial587_1,1,1,1,75.411674,True,4.993
5,587,6,m,20,23-May-2016,Sub5_Trial587_1,1,2,2,43.947081,True,4.993
5,587,6,m,20,23-May-2016,Sub5_Trial587_1,1,3,3,-114.34408200000001,True,4.993
5,587,6,m,20,23-May-2016,Sub5_Trial587_1,1,4,4,-145.653841,True,4.993
5,587,6,m,20,23-May-2016,Sub5_Trial587_1,1,5,5,64.499496,True,4.993
5,587,6,m,20,23-May-2016,Sub5_Trial587_1,1,6,6,72.452741,True,4.993
5,588,6,m,20,23-May-2016,Sub5_Trial588_0,0,0,0,74.822631,False,0.895
5,588,6,m,20,23-May-2016,Sub5_Trial588_0,0,1,1,18.08948,False,0.895
5,588,6,m,20,23-May-2016,Sub5_Trial588_0,0,2,2,-45.778965,False,0.895
5,588,6,m,20,23-May-2016,Sub5_Trial588_0,0,3,3,9.616844,False,0.895
5,588,6,m,20,23-May-2016,Sub5_Trial588_0,0,4,4,-2.9592589999999994,False,0.895
5,588,6,m,20,23-May-2016,Sub5_Trial588_0,0,5,5,-2.4048529999999992,False,0.895
5,588,6,m,20,23-May-2016,Sub5_Trial588_0,0,6,6,31.751783,False,0.895
5,588,6,m,20,23-May-2016,Sub5_Trial588_1,1,0,0,48.207953,True,0.895
5,588,6,m,20,23-May-2016,Sub5_Trial588_1,1,1,1,23.735436,True,0.895
5,588,6,m,20,23-May-2016,Sub5_Trial588_1,1,2,2,114.444772,True,0.895
5,588,6,m,20,23-May-2016,Sub5_Trial588_1,1,3,3,-119.034146,True,0.895
5,588,6,m,20,23-May-2016,Sub5_Trial588_1,1,4,4,-18.663606,True,0.895
5,588,6,m,20,23-May-2016,Sub5_Trial588_1,1,5,5,78.742533,True,0.895
5,588,6,m,20,23-May-2016,Sub5_Trial588_1,1,6,6,9.624292,True,0.895
5,589,6,m,20,23-May-2016,Sub5_Trial589_0,0,0,0,62.398534,True,0.848
5,589,6,m,20,23-May-2016,Sub5_Trial589_0,0,1,1,-56.37121,True,0.848
5,589,6,m,20,23-May-2016,Sub5_Trial589_0,0,2,2,-65.743731,True,0.848
5,589,6,m,20,23-May-2016,Sub5_Trial589_0,0,3,3,-4.802346,True,0.848
5,589,6,m,20,23-May-2016,Sub5_Trial589_0,0,4,4,-77.096473,True,0.848
5,589,6,m,20,23-May-2016,Sub5_Trial589_0,0,5,5,-85.884662,True,0.848
5,589,6,m,20,23-May-2016,Sub5_Trial589_0,0,6,6,63.282835000000006,True,0.848
5,589,6,m,20,23-May-2016,Sub5_Trial589_1,1,0,0,4.66122,False,0.848
5,589,6,m,20,23-May-2016,Sub5_Trial589_1,1,1,1,60.540265,False,0.848
5,589,6,m,20,23-May-2016,Sub5_Trial589_1,1,2,2,35.537143,False,0.848
5,589,6,m,20,23-May-2016,Sub5_Trial589_1,1,3,3,48.922641,False,0.848
5,589,6,m,20,23-May-2016,Sub5_Trial589_1,1,4,4,28.949727,False,0.848
5,589,6,m,20,23-May-2016,Sub5_Trial589_1,1,5,5,-4.759785000000001,False,0.848
5,589,6,m,20,23-May-2016,Sub5_Trial589_1,1,6,6,-104.699824,False,0.848
5,590,6,m,20,23-May-2016,Sub5_Trial590_0,0,0,0,60.609213,True,0.694
5,590,6,m,20,23-May-2016,Sub5_Trial590_0,0,1,1,15.915115,True,0.694
5,590,6,m,20,23-May-2016,Sub5_Trial590_0,0,2,2,-101.495346,True,0.694
5,590,6,m,20,23-May-2016,Sub5_Trial590_0,0,3,3,129.472907,True,0.694
5,590,6,m,20,23-May-2016,Sub5_Trial590_0,0,4,4,38.211845,True,0.694
5,590,6,m,20,23-May-2016,Sub5_Trial590_0,0,5,5,95.612002,True,0.694
5,590,6,m,20,23-May-2016,Sub5_Trial590_0,0,6,6,-37.314938,True,0.694
5,590,6,m,20,23-May-2016,Sub5_Trial590_1,1,0,0,-52.402491999999995,False,0.694
5,590,6,m,20,23-May-2016,Sub5_Trial590_1,1,1,1,61.363111,False,0.694
5,590,6,m,20,23-May-2016,Sub5_Trial590_1,1,2,2,-23.335693,False,0.694
5,590,6,m,20,23-May-2016,Sub5_Trial590_1,1,3,3,3.9494310000000006,False,0.694
5,590,6,m,20,23-May-2016,Sub5_Trial590_1,1,4,4,-32.277638,False,0.694
5,590,6,m,20,23-May-2016,Sub5_Trial590_1,1,5,5,-100.127555,False,0.694
5,590,6,m,20,23-May-2016,Sub5_Trial590_1,1,6,6,61.839263,False,0.694
5,591,6,m,20,23-May-2016,Sub5_Trial591_0,0,0,0,-39.312985,False,0.685
5,591,6,m,20,23-May-2016,Sub5_Trial591_0,0,1,1,48.08738700000001,False,0.685
5,591,6,m,20,23-May-2016,Sub5_Trial591_0,0,2,2,-7.566032,False,0.685
5,591,6,m,20,23-May-2016,Sub5_Trial591_0,0,3,3,-43.174154,False,0.685
5,591,6,m,20,23-May-2016,Sub5_Trial591_0,0,4,4,-139.230407,False,0.685
5,591,6,m,20,23-May-2016,Sub5_Trial591_0,0,5,5,-97.031795,False,0.685
5,591,6,m,20,23-May-2016,Sub5_Trial591_0,0,6,6,-89.37048,False,0.685
5,591,6,m,20,23-May-2016,Sub5_Trial591_1,1,0,0,8.523116,True,0.685
5,591,6,m,20,23-May-2016,Sub5_Trial591_1,1,1,1,7.874165999999999,True,0.685
5,591,6,m,20,23-May-2016,Sub5_Trial591_1,1,2,2,-95.83627,True,0.685
5,591,6,m,20,23-May-2016,Sub5_Trial591_1,1,3,3,-4.656106000000001,True,0.685
5,591,6,m,20,23-May-2016,Sub5_Trial591_1,1,4,4,105.374905,True,0.685
5,591,6,m,20,23-May-2016,Sub5_Trial591_1,1,5,5,37.047714,True,0.685
5,591,6,m,20,23-May-2016,Sub5_Trial591_1,1,6,6,28.006062,True,0.685
5,592,6,m,20,23-May-2016,Sub5_Trial592_0,0,0,0,-89.012649,True,1.963
5,592,6,m,20,23-May-2016,Sub5_Trial592_0,0,1,1,-84.649248,True,1.963
5,592,6,m,20,23-May-2016,Sub5_Trial592_0,0,2,2,-54.90100799999999,True,1.963
5,592,6,m,20,23-May-2016,Sub5_Trial592_0,0,3,3,40.305277,True,1.963
5,592,6,m,20,23-May-2016,Sub5_Trial592_0,0,4,4,-17.532145999999997,True,1.963
5,592,6,m,20,23-May-2016,Sub5_Trial592_0,0,5,5,39.067358,True,1.963
5,592,6,m,20,23-May-2016,Sub5_Trial592_0,0,6,6,-6.186630999999998,True,1.963
5,592,6,m,20,23-May-2016,Sub5_Trial592_1,1,0,0,-33.094071,False,1.963
5,592,6,m,20,23-May-2016,Sub5_Trial592_1,1,1,1,7.513453999999999,False,1.963
5,592,6,m,20,23-May-2016,Sub5_Trial592_1,1,2,2,-3.1344509999999985,False,1.963
5,592,6,m,20,23-May-2016,Sub5_Trial592_1,1,3,3,-67.827651,False,1.963
5,592,6,m,20,23-May-2016,Sub5_Trial592_1,1,4,4,-4.005433,False,1.963
5,592,6,m,20,23-May-2016,Sub5_Trial592_1,1,5,5,-40.080734,False,1.963
5,592,6,m,20,23-May-2016,Sub5_Trial592_1,1,6,6,-96.043267,False,1.963
5,593,6,m,20,23-May-2016,Sub5_Trial593_0,0,0,0,19.208398000000003,False,1.426
5,593,6,m,20,23-May-2016,Sub5_Trial593_0,0,1,1,-16.298878,False,1.426
5,593,6,m,20,23-May-2016,Sub5_Trial593_0,0,2,2,43.184203,False,1.426
5,593,6,m,20,23-May-2016,Sub5_Trial593_0,0,3,3,34.607132,False,1.426
5,593,6,m,20,23-May-2016,Sub5_Trial593_0,0,4,4,15.025199,False,1.426
5,593,6,m,20,23-May-2016,Sub5_Trial593_0,0,5,5,-13.618007,False,1.426
5,593,6,m,20,23-May-2016,Sub5_Trial593_0,0,6,6,17.525963000000004,False,1.426
5,593,6,m,20,23-May-2016,Sub5_Trial593_1,1,0,0,-44.858855000000005,True,1.426
5,593,6,m,20,23-May-2016,Sub5_Trial593_1,1,1,1,143.911411,True,1.426
5,593,6,m,20,23-May-2016,Sub5_Trial593_1,1,2,2,-60.100449,True,1.426
5,593,6,m,20,23-May-2016,Sub5_Trial593_1,1,3,3,64.978284,True,1.426
5,593,6,m,20,23-May-2016,Sub5_Trial593_1,1,4,4,-13.979167000000004,True,1.426
5,593,6,m,20,23-May-2016,Sub5_Trial593_1,1,5,5,4.758839,True,1.426
5,593,6,m,20,23-May-2016,Sub5_Trial593_1,1,6,6,58.85018,True,1.426
5,594,6,m,20,23-May-2016,Sub5_Trial594_0,0,0,0,-16.968429999999998,False,2.364
5,594,6,m,20,23-May-2016,Sub5_Trial594_0,0,1,1,-110.16395699999998,False,2.364
5,594,6,m,20,23-May-2016,Sub5_Trial594_0,0,2,2,26.554348,False,2.364
5,594,6,m,20,23-May-2016,Sub5_Trial594_0,0,3,3,-68.453309,False,2.364
5,594,6,m,20,23-May-2016,Sub5_Trial594_0,0,4,4,16.313294,False,2.364
5,594,6,m,20,23-May-2016,Sub5_Trial594_0,0,5,5,35.533146,False,2.364
5,594,6,m,20,23-May-2016,Sub5_Trial594_0,0,6,6,77.127068,False,2.364
5,594,6,m,20,23-May-2016,Sub5_Trial594_1,1,0,0,-36.875081,True,2.364
5,594,6,m,20,23-May-2016,Sub5_Trial594_1,1,1,1,35.180435,True,2.364
5,594,6,m,20,23-May-2016,Sub5_Trial594_1,1,2,2,-9.515272,True,2.364
5,594,6,m,20,23-May-2016,Sub5_Trial594_1,1,3,3,118.10008199999999,True,2.364
5,594,6,m,20,23-May-2016,Sub5_Trial594_1,1,4,4,-65.061862,True,2.364
5,594,6,m,20,23-May-2016,Sub5_Trial594_1,1,5,5,75.515192,True,2.364
5,594,6,m,20,23-May-2016,Sub5_Trial594_1,1,6,6,-87.371222,True,2.364
5,595,6,m,20,23-May-2016,Sub5_Trial595_0,0,0,0,50.888321,True,1.622
5,595,6,m,20,23-May-2016,Sub5_Trial595_0,0,1,1,-129.412092,True,1.622
5,595,6,m,20,23-May-2016,Sub5_Trial595_0,0,2,2,9.216844,True,1.622
5,595,6,m,20,23-May-2016,Sub5_Trial595_0,0,3,3,53.913923,True,1.622
5,595,6,m,20,23-May-2016,Sub5_Trial595_0,0,4,4,91.556672,True,1.622
5,595,6,m,20,23-May-2016,Sub5_Trial595_0,0,5,5,113.613119,True,1.622
5,595,6,m,20,23-May-2016,Sub5_Trial595_0,0,6,6,-34.039066,True,1.622
5,595,6,m,20,23-May-2016,Sub5_Trial595_1,1,0,0,64.451729,False,1.622
5,595,6,m,20,23-May-2016,Sub5_Trial595_1,1,1,1,-35.901671,False,1.622
5,595,6,m,20,23-May-2016,Sub5_Trial595_1,1,2,2,13.496392,False,1.622
5,595,6,m,20,23-May-2016,Sub5_Trial595_1,1,3,3,-30.745334,False,1.622
5,595,6,m,20,23-May-2016,Sub5_Trial595_1,1,4,4,-13.769432,False,1.622
5,595,6,m,20,23-May-2016,Sub5_Trial595_1,1,5,5,-0.2660279999999986,False,1.622
5,595,6,m,20,23-May-2016,Sub5_Trial595_1,1,6,6,-13.508295,False,1.622
